3053282084551852544     722.819    1549.874  106.34737356955   -5.55624356798      14.0821     -1.415        0.966       0.3618           0.00
3053278751657319168    1450.394      78.738  106.28783709113   -5.67237257111      14.5998      0.120       -1.086       0.2582           0.00
3053376024070704256     551.570    1856.621  106.36141149403   -5.53200152822      15.1383     -4.184        3.729       0.8134           0.00
3053279885528674304    1824.120     620.142  106.25881447808   -5.62901239326      15.4852      0.002       -0.283       0.1064           0.00
3053279507571565312    1732.955     287.262  106.26668456449   -5.65809336004      17.2887      0.443        0.681       0.2286           0.00
3053279640709014656    1445.518     412.329  106.28905873821   -5.64734284771      20.3122      1.621        2.155       1.6752           0.00
3053281122475273856    1298.830     647.306  106.30073847590   -5.62756043844      19.4944     -1.707       -1.421       0.3522           0.00
3053279709426226048    1445.509     623.545  106.28918201819   -5.63003801829      20.1027      1.336        2.590       0.9173           0.00
3053279709426226048    1445.547     627.872  106.28918201819   -5.63003801829      20.1027      1.336        2.590       0.9173           0.00
3053280568419688448     128.521     635.442  106.39391310592   -5.62931894648      17.9558     -0.138        0.620       0.7650           0.00
3053281191198719744    1445.548     696.167  106.28816205917   -5.62502236947      16.8538     -1.488       -0.635       0.5334           0.00
3053282153271585024     914.539    1668.251  106.33221613013   -5.54659152390      18.1454      2.499       -4.414       0.3858           0.00
3053281186895005696    1445.539     760.283  106.28781098047   -5.61981000763      19.3387     -3.207        1.365      -0.8355           0.00
3053281186895000576    1444.550     719.996  106.28963357678   -5.62133379112      18.7295     -0.120        1.656       0.4094           0.00
3053281186895000576    1444.567     721.513  106.28963357678   -5.62133379112      18.7295     -0.120        1.656       0.4094           0.00
3053281186895005696    1445.551     758.138  106.28781098047   -5.61981000763      19.3387     -3.207        1.365      -0.8355           0.00
3053281534792070144    1346.254    1078.378  106.29737812566   -5.59315656553      19.9791      0.000        0.000       0.0000           0.00
3053281500432343936    1445.596    1078.237  106.28981196937   -5.59360294294      20.6536     -1.277      -10.330       3.3166           0.00
3053282118907426432     643.732    1611.431  106.35252454451   -5.55184271284      20.7760      0.264       -3.887      -6.5014           0.00
3053293835582401408    1443.563    1585.060  106.29070540822   -5.55327207582      17.3134     -0.131        1.011       0.2220           0.00
3053281599211954944    1445.321    1232.771  106.28933291478   -5.58228221232      19.1118     -0.813        0.523      -0.5715           0.00
3053375680473329920     228.399    1565.289  106.38688636801   -5.55521033734      19.0894      1.823       -4.471       0.0107           0.00
3053293457621230720    1445.480    1543.692  106.28980065142   -5.55659519242      20.4507     -3.025       -0.994       1.5138           0.00
3053293457621230720    1445.808    1526.265  106.28980065142   -5.55659519242      20.4507     -3.025       -0.994       1.5138           0.00
3053280362263257216    1032.708     499.439  106.32161672483   -5.63947942927      18.3259     -2.791        2.690       0.0688           0.00
3053280538359634944     748.010     774.271  106.34475989243   -5.61770782513      18.8007     -1.265        1.311       0.5669           0.00
3053294071797081600    1443.961    1850.856  106.29061483505   -5.53169270837      19.2090      0.477       -0.728      -0.3536           0.00
3053280435280430208     657.102     650.072  106.35176993630   -5.62780569540      20.7077      0.000        0.000       0.0000           0.00
3053280499700238208     871.789     744.020  106.33475043027   -5.62005572334      19.2875      3.954        8.457       4.0780           0.00
3053279503267730048    1654.979     310.684  106.27311176864   -5.65406230815      19.7315     -0.966        0.578      -0.5074           0.00
3053280400920731520     977.173     655.437  106.32635184332   -5.62703285810      20.3973      0.000        0.000       0.0000           0.00
