3053373584534816000     181.753    1799.159  106.57220798230   -5.53632398293      16.5427      0.000        0.000       0.0000           0.00
3053371007548790016     556.178     821.954  106.54133071592   -5.61333470461      18.6181      0.000        0.000       0.0000           0.00
3053373825052996736     656.599    1863.153  106.53454013163   -5.53090982346      16.8508     -0.457        0.148       0.4023           0.00
3053371454231100032     874.649     879.527  106.51723208577   -5.60860645224      16.3856     -2.517        3.559       0.4826           0.00
3053371415565484672    1006.487     894.286  106.50569158827   -5.60790209911      20.0692     -1.304        0.159       0.2903           0.00
3053371454231100032     872.900     879.638  106.51723208577   -5.60860645224      16.3856     -2.517        3.559       0.4826           0.00
3053370698311344768     788.247     868.410  106.52297644108   -5.60876200344      20.9202      0.000        0.000       0.0000           0.00
3053371007554485888     418.301     846.958  106.55275502712   -5.61167914613      18.6609      0.000        0.000       0.0000           0.00
3053371454231100032     846.141     876.490  106.51723208577   -5.60860645224      16.3856     -2.517        3.559       0.4826           0.00
3053371866542189568     651.226    1256.481  106.53461217956   -5.57891485030      18.1663      0.000        0.000       0.0000           0.00
3053371415565484672     991.040     892.315  106.50569158827   -5.60790209911      20.0692     -1.304        0.159       0.2903           0.00
3053371415565484672    1019.178     895.391  106.50569158827   -5.60790209911      20.0692     -1.304        0.159       0.2903           0.00
3053370694010976384     739.082     862.034  106.52608233807   -5.60876739627      18.3809     -0.421        0.329       0.1433           0.00
3053371415565490048    1043.076     898.833  106.50183756668   -5.60686875581      18.3702     -0.796        2.790       0.8669           0.00
3053371488590845824    1194.898     913.601  106.49173774629   -5.60520710170      17.0370     -4.224        0.963       0.4954           0.00
3053370698311344768     774.674     866.786  106.52297644108   -5.60876200344      20.9202      0.000        0.000       0.0000           0.00
3053371488585550208    1160.393     910.479  106.49431911606   -5.60731135658      21.0840      0.000        0.000       0.0000           0.00
3053371488585550208    1162.780     910.573  106.49431911606   -5.60731135658      21.0840      0.000        0.000       0.0000           0.00
3053370865809698560      49.505     786.884  106.58262830298   -5.61622619264      17.7310     -1.448        1.375       0.2118           0.00
3053370762730433152      86.529     789.655  106.57984472694   -5.61517283731      17.9094     -2.242      -21.446       2.6411           0.00
3053371415565490048    1065.832     900.767  106.50183756668   -5.60686875581      18.3702     -0.796        2.790       0.8669           0.00
3053371488585550208    1136.662     907.902  106.49431911606   -5.60731135658      21.0840      0.000        0.000       0.0000           0.00
3053371488590845824    1190.642     913.885  106.49173774629   -5.60520710170      17.0370     -4.224        0.963       0.4954           0.00
3053370762730433152      84.993     789.506  106.57984472694   -5.61517283731      17.9094     -2.242      -21.446       2.6411           0.00
3053371488590845824    1183.492     914.476  106.49173774629   -5.60520710170      17.0370     -4.224        0.963       0.4954           0.00
3053370698311344768     799.267     870.196  106.52297644108   -5.60876200344      20.9202      0.000        0.000       0.0000           0.00
3053370698311344256     688.000     857.438  106.53127930849   -5.61129999953      20.0765     -1.699        0.273      -0.3067           0.00
3053370762730433152      91.325     790.354  106.57984472694   -5.61517283731      17.9094     -2.242      -21.446       2.6411           0.00
3053370865812411008      18.306     782.488  106.58455003104   -5.61634279230      18.7149      3.227       -4.724       1.0432           0.00
3053370694010976384     762.132     865.489  106.52608233807   -5.60876739627      18.3809     -0.421        0.329       0.1433           0.00
3053370694010976384     750.330     863.677  106.52608233807   -5.60876739627      18.3809     -0.421        0.329       0.1433           0.00
3053370694010976384     756.355     864.702  106.52608233807   -5.60876739627      18.3809     -0.421        0.329       0.1433           0.00
3053370698311344256     685.885     857.211  106.53127930849   -5.61129999953      20.0765     -1.699        0.273      -0.3067           0.00
3053370698311344256     690.495     857.534  106.53127930849   -5.61129999953      20.0765     -1.699        0.273      -0.3067           0.00
3053371488590845824    1169.924     911.807  106.49173774629   -5.60520710170      17.0370     -4.224        0.963       0.4954           0.00
3053370762730433152      78.336     789.013  106.57984472694   -5.61517283731      17.9094     -2.242      -21.446       2.6411           0.00
3053371488585550208    1151.327     909.682  106.49431911606   -5.60731135658      21.0840      0.000        0.000       0.0000           0.00
3053323316225295360     227.191     166.572  106.56713583768   -5.66585371710      18.0582      0.000        0.000       0.0000           0.00
3053372210145321472    1028.954    1475.047  106.50475369379   -5.56129685579      18.7692     -0.904       -1.099       0.4034           0.00
3053370831449919104     274.442     823.419  106.56395621684   -5.61369719230      17.4087      6.433       -0.818       6.9944           0.00
3053371003248615680     599.589     848.512  106.53931170658   -5.61093147351      18.3473     -1.962        0.015       0.1048           0.00
3053370835750049280     169.686     800.045  106.57118233377   -5.61501759515      20.5809     -0.416        0.603      -0.1758           0.00
3053371007548768256     419.873     827.950  106.55314374637   -5.61304319083      20.4651      1.331       -0.121      -0.3361           0.00
3053370698311344256     672.089     855.844  106.53127930849   -5.61129999953      20.0765     -1.699        0.273      -0.3067           0.00
3053370835755873536     305.754     815.369  106.56204956825   -5.61260307514      21.0713      0.000        0.000       0.0000           0.00
3053371007548768256     417.698     827.779  106.55314374637   -5.61304319083      20.4651      1.331       -0.121      -0.3361           0.00
3053372274564148608     638.286    1709.273  106.53660052886   -5.54210961997      19.2629     -2.401        1.197       0.5978           0.00
3053371007548768256     393.784     826.315  106.55314374637   -5.61304319083      20.4651      1.331       -0.121      -0.3361           0.00
3053370835750049280     195.787     804.060  106.57118233377   -5.61501759515      20.5809     -0.416        0.603      -0.1758           0.00
3053371003248615680     575.090     845.975  106.53931170658   -5.61093147351      18.3473     -1.962        0.015       0.1048           0.00
3053276621349298560    1159.647     148.081  106.49287873784   -5.66673054252      18.1962     -0.916        1.496      -0.1340           0.00
3053370835750063744     289.606     812.549  106.56326630418   -5.61502183793      20.4745     -2.239        0.709       0.9394           0.00
3053370835755789952     258.369     809.389  106.56407058964   -5.61384960576      18.7846      0.000        0.000       0.0000           0.00
3053370835755789952     272.562     812.084  106.56407058964   -5.61384960576      18.7846      0.000        0.000       0.0000           0.00
3053372003981094272     428.891    1420.451  106.55216437555   -5.56612854412      18.7064      0.000        0.000       0.0000           0.00
3053371003248615680     582.854     847.904  106.53931170658   -5.61093147351      18.3473     -1.962        0.015       0.1048           0.00
3053372725535555072     122.563    1449.799  106.57673816495   -5.56410929911      18.1900     -2.957        2.122       0.1165           0.00
3053371935261675008     739.285    1256.420  106.52735560575   -5.57896986345      18.2193     -1.182       -0.198      -0.4323           0.00
3053371003251835776     536.720     840.629  106.54242986028   -5.61211012842      19.3956     -2.854       -4.039       1.4381           0.00
3053277445982989312    1449.605     538.241  106.47006814625   -5.63543667674      20.4097      0.000        0.000       0.0000           0.00
3053370938834997760     168.878     923.562  106.57257581560   -5.60583507327      19.2348      0.000        0.000       0.0000           0.00
3053276346471369216     871.385      48.635  106.51605979065   -5.67482941753      19.3350     -2.235        4.131       0.8611           0.00
3053371213712976000     357.156    1228.720  106.55781977035   -5.58154996098      18.9292     -0.158        0.415       0.4985           0.00
3053372034040948480     626.280    1465.982  106.53694399442   -5.56215416469      19.0899     -0.455       -0.570       0.5496           0.00
3053370492158439424     790.625     468.351  106.52259388687   -5.64143042085      19.6155     -0.693       -0.145      -0.2253           0.00
3053374787125725824    1793.805    1486.074  106.44378770463   -5.55979118687      19.8959     -0.947       -1.546       0.2749           0.00
3053371832182487936     696.695    1062.371  106.53028764480   -5.59439449548      18.9517      0.520       -1.326       0.6033           0.00
3053374787120055808    1728.014    1398.330  106.44875813678   -5.56679631772      19.9420     -0.210       -0.299       0.6854           0.00
3053371866542190464     560.194    1183.286  106.54180829165   -5.58476496412      19.5577     -0.577       -2.032      -0.4664           0.00
