3053282084551852544     932.775    1547.140  106.34737356955   -5.55624356798      14.0821     -1.415        0.966       0.3618           0.00
3053278751657319168    1659.866      75.793  106.28783709113   -5.67237257111      14.5998      0.120       -1.086       0.2582           0.00
3053376024070704256     761.473    1853.926  106.36141149403   -5.53200152822      15.1383     -4.184        3.729       0.8134           0.00
3053279610647545472    1655.142     347.450  106.28793252461   -5.65049127496      18.6405     -2.177        2.251       0.4919           0.00
3053279610647545472    1655.057     364.043  106.28793252461   -5.65049127496      18.6405     -2.177        2.251       0.4919           0.00
3053279610647545472    1655.034     380.600  106.28793252461   -5.65049127496      18.6405     -2.177        2.251       0.4919           0.00
3053279640709014656    1655.027     405.722  106.28905873821   -5.64734284771      20.3122      1.621        2.155       1.6752           0.00
3053281191198719744    1659.847     670.974  106.28816205917   -5.62502236947      16.8538     -1.488       -0.635       0.5334           0.00
3053293388905811840    1657.407    1360.602  106.28918254128   -5.57064553985      16.6525     -0.659        1.032       0.4301           0.00
3053375783558145664     359.621    1817.329  106.39356359030   -5.53513450216      18.0348     -4.452       -2.790       0.1305           0.00
3053293388905811840    1657.726    1352.813  106.28918254128   -5.57064553985      16.6525     -0.659        1.032       0.4301           0.00
3053281122475273856    1508.629     644.332  106.30073847590   -5.62756043844      19.4944     -1.707       -1.421       0.3522           0.00
3053281191198719744    1657.363     678.266  106.28816205917   -5.62502236947      16.8538     -1.488       -0.635       0.5334           0.00
3053279709426226048    1655.063     622.831  106.28918201819   -5.63003801829      20.1027      1.336        2.590       0.9173           0.00
3053281186894984576    1655.477     654.104  106.28844945763   -5.62691813863      20.5788     -1.717       -0.557       0.4203           0.00
3053280568419688448     338.217     632.187  106.39391310592   -5.62931894648      17.9558     -0.138        0.620       0.7650           0.00
3053281191198719744    1656.151     682.177  106.28816205917   -5.62502236947      16.8538     -1.488       -0.635       0.5334           0.00
3053281186895005696    1655.182     748.514  106.28781098047   -5.61981000763      19.3387     -3.207        1.365      -0.8355           0.00
3053282153271585024    1124.344    1665.404  106.33221613013   -5.54659152390      18.1454      2.499       -4.414       0.3858           0.00
3053281186895000576    1654.277     717.844  106.28963357678   -5.62133379112      18.7295     -0.120        1.656       0.4094           0.00
3053281186895005696    1655.058     763.352  106.28781098047   -5.61981000763      19.3387     -3.207        1.365      -0.8355           0.00
3053281603515563136    1651.836    1093.719  106.29026128034   -5.59117299799      16.9484     -2.850        0.809       0.3620           0.00
3053281534792070144    1556.467    1075.347  106.29737812566   -5.59315656553      19.9791      0.000        0.000       0.0000           0.00
3053276964946845952      72.418      83.267  106.41468740439   -5.67303975760      19.2611      0.000        0.000       0.0000           0.00
3053281393053451264    1654.951     836.905  106.29056455249   -5.61347910857      18.8324     -0.224        0.345       0.2468           0.00
3053281393053451264    1654.826     816.569  106.29056455249   -5.61347910857      18.8324     -0.224        0.345       0.2468           0.00
3053281599211954944    1655.103    1217.798  106.28933291478   -5.58228221232      19.1118     -0.813        0.523      -0.5715           0.00
3053281500432343936    1655.092    1065.889  106.28981196937   -5.59360294294      20.6536     -1.277      -10.330       3.3166           0.00
3053281500436351488    1655.558    1052.776  106.28836701600   -5.59446574268      19.7240      0.156        0.807      -0.0841           0.00
3053282118907426432     853.766    1608.516  106.35252454451   -5.55184271284      20.7760      0.264       -3.887      -6.5014           0.00
3053280538359634944     957.295     771.481  106.34475989243   -5.61770782513      18.8007     -1.265        1.311       0.5669           0.00
3053375680473329920     437.633    1562.202  106.38688636801   -5.55521033734      19.0894      1.823       -4.471       0.0107           0.00
3053278747353420160    1702.559      47.364  106.28458294321   -5.67461421511      18.5725     -0.914        0.844       0.5544           0.00
3053280813238373248     119.035     971.682  106.41159381892   -5.60248406729      19.6812      0.000        0.000       0.0000           0.00
3053280705858676224      43.724     791.177  106.41767648639   -5.61669938599      18.9572      0.385       -0.854      -0.0419           0.00
3053294071797081600    1654.212    1848.210  106.29061483505   -5.53169270837      19.2090      0.477       -0.728      -0.3536           0.00
3053277342903942272      17.135     221.534  106.41884181171   -5.66220234231      19.4320     -1.664        0.708      -0.4807           0.00
3053281324333980416    1314.129     847.358  106.31631844464   -5.61142748165      18.9200     -0.588        0.518      -0.0199           0.00
3053277652145622912     141.469     555.299  106.40944040429   -5.63508994492      18.8686     -4.166        1.705       1.0745           0.00
3053280499700238208    1082.322     741.478  106.33475043027   -5.62005572334      19.2875      3.954        8.457       4.0780           0.00
3053280813241525504     130.471    1069.810  106.41086358017   -5.59474706197      19.4769     -0.090       -1.712      -0.1338           0.00
3053279503267730048    1865.053     306.253  106.27311176864   -5.65406230815      19.7315     -0.966        0.578      -0.5074           0.00
