3053282084547707136     279.003    1549.153  106.34832680014   -5.55547785750      20.2483      3.792        1.315      -2.8795           0.00
3053278751657319168    1007.277      77.805  106.28783709113   -5.67237257111      14.5998      0.120       -1.086       0.2582           0.00
3053376024070699392     107.966    1855.713  106.36033430733   -5.52931837134      18.9640     -0.974        0.135       0.2048           0.00
3053279885528674304    1381.061     619.319  106.25881447808   -5.62901239326      15.4852      0.002       -0.283       0.1064           0.00
3053279713729972480    1000.256     591.096  106.28947674424   -5.63214530555      16.1067     -2.490        1.393       0.4380           0.00
3053281122475273856     855.235     646.628  106.30073847590   -5.62756043844      19.4944     -1.707       -1.421       0.3522           0.00
3053281191198719744    1005.402     669.620  106.28816205917   -5.62502236947      16.8538     -1.488       -0.635       0.5334           0.00
3053293388905811840    1003.678    1365.497  106.28918254128   -5.57064553985      16.6525     -0.659        1.032       0.4301           0.00
3053281186895000576    1001.480     723.347  106.28963357678   -5.62133379112      18.7295     -0.120        1.656       0.4094           0.00
3053281186895000576    1001.475     714.775  106.28963357678   -5.62133379112      18.7295     -0.120        1.656       0.4094           0.00
3053281530492452992     902.487    1077.754  106.29721684725   -5.59303265031      17.8343      0.169       -0.364       0.1131           0.00
3053281186895005696    1002.094     756.528  106.28781098047   -5.61981000763      19.3387     -3.207        1.365      -0.8355           0.00
3053281186895005696    1002.576     738.490  106.28781098047   -5.61981000763      19.3387     -3.207        1.365      -0.8355           0.00
3053282153271585024     470.161    1667.454  106.33221613013   -5.54659152390      18.1454      2.499       -4.414       0.3858           0.00
3053293388905811840    1002.855    1371.855  106.28918254128   -5.57064553985      16.6525     -0.659        1.032       0.4301           0.00
3053281599211954944    1002.384    1205.515  106.28933291478   -5.58228221232      19.1118     -0.813        0.523      -0.5715           0.00
3053281500432343936    1002.570    1064.016  106.28981196937   -5.59360294294      20.6536     -1.277      -10.330       3.3166           0.00
3053281500432343936    1002.252    1073.676  106.28981196937   -5.59360294294      20.6536     -1.277      -10.330       3.3166           0.00
3053281500436351488    1002.679    1058.334  106.28836701600   -5.59446574268      19.7240      0.156        0.807      -0.0841           0.00
3053281599211954944    1002.009    1223.728  106.28933291478   -5.58228221232      19.1118     -0.813        0.523      -0.5715           0.00
3053293835577163904    1001.678    1675.296  106.29027866558   -5.54514578767      20.5352     -0.501        2.554      -0.5998           0.00
3053278747353420160    1049.409      49.486  106.28458294321   -5.67461421511      18.5725     -0.914        0.844       0.5544           0.00
3053293835582401408    1001.956    1560.334  106.29070540822   -5.55327207582      17.3134     -0.131        1.011       0.2220           0.00
3053293350242492928    1001.425    1314.644  106.29080294390   -5.57453018159      18.9782     -0.448        1.057       0.5016           0.00
3053293457621230720    1002.274    1523.173  106.28980065142   -5.55659519242      20.4507     -3.025       -0.994       1.5138           0.00
3053293457621232640    1002.333    1510.564  106.28847039999   -5.55739362550      20.5107     -0.967       -2.707       0.2808           0.00
3053280538359634944     304.087     773.437  106.34475989243   -5.61770782513      18.8007     -1.265        1.311       0.5669           0.00
3053280465341127680      23.911     681.962  106.36685908435   -5.62454116942      18.6845     -0.376        0.944       0.4664           0.00
3053294071797072128    1002.337    1759.677  106.29117219797   -5.53715511362      19.0740      0.068        0.667       0.5853           0.00
3053280435280430336     213.299     650.457  106.35172935770   -5.62758194754      19.1229      1.042       -0.772       0.2933           0.00
3053279503267730048    1212.516     310.889  106.27311176864   -5.65406230815      19.7315     -0.966        0.578      -0.5074           0.00
3053280396621002880     534.168     654.642  106.32616306613   -5.62689472882      19.2979     -2.274       -5.619      -1.2262           0.00
