3053282084547707136      71.051    1553.418  106.34832680014   -5.55547785750      20.2483      3.792        1.315      -2.8795           0.00
3053278751657319168     799.366      82.195  106.28783709113   -5.67237257111      14.5998      0.120       -1.086       0.2582           0.00
3053279610647545472     794.323     363.195  106.28793252461   -5.65049127496      18.6405     -2.177        2.251       0.4919           0.00
3053279885528674304    1173.008     623.746  106.25881447808   -5.62901239326      15.4852      0.002       -0.283       0.1064           0.00
3053279640709014656     794.237     413.369  106.28905873821   -5.64734284771      20.3122      1.621        2.155       1.6752           0.00
3053280435280451072      42.035     509.347  106.34887290805   -5.63868969747      17.5989     -0.366      -10.034       0.5330           0.00
3053281122479239040     647.035     651.147  106.30060777762   -5.62727465458      17.6933     -0.737        1.294       0.1302           0.00
3053281186894984576     794.437     657.655  106.28844945763   -5.62691813863      20.5788     -1.717       -0.557       0.4203           0.00
3053279335769100928    1667.675      65.536  106.21863746916   -5.67299855895      18.0620     -5.116        2.320       0.4646           0.00
3053281186895000576     793.459     719.659  106.28963357678   -5.62133379112      18.7295     -0.120        1.656       0.4094           0.00
3053281191198719744     794.659     693.000  106.28816205917   -5.62502236947      16.8538     -1.488       -0.635       0.5334           0.00
3053281186895000576     793.294     724.188  106.28963357678   -5.62133379112      18.7295     -0.120        1.656       0.4094           0.00
3053281186895000576     793.395     729.190  106.28963357678   -5.62133379112      18.7295     -0.120        1.656       0.4094           0.00
3053281186895005696     794.430     748.226  106.28781098047   -5.61981000763      19.3387     -3.207        1.365      -0.8355           0.00
3053281599211954944     794.258    1216.906  106.28933291478   -5.58228221232      19.1118     -0.813        0.523      -0.5715           0.00
3053282153271585024     262.368    1671.583  106.33221613013   -5.54659152390      18.1454      2.499       -4.414       0.3858           0.00
3053281530492452992     694.304    1082.223  106.29721684725   -5.59303265031      17.8343      0.169       -0.364       0.1131           0.00
3053281603515563136     791.798    1112.388  106.29026128034   -5.59117299799      16.9484     -2.850        0.809       0.3620           0.00
3053281603515563136     793.277    1091.756  106.29026128034   -5.59117299799      16.9484     -2.850        0.809       0.3620           0.00
3053281500436351488     794.280    1046.001  106.28836701600   -5.59446574268      19.7240      0.156        0.807      -0.0841           0.00
3053293350242492928     793.388    1318.434  106.29080294390   -5.57453018159      18.9782     -0.448        1.057       0.5016           0.00
3053279541931312640    1291.375     252.910  106.24924356340   -5.65972167266      17.6569     -2.109       -0.197       0.5640           0.00
3053293835577163904     794.399    1668.687  106.29027866558   -5.54514578767      20.5352     -0.501        2.554      -0.5998           0.00
3053293831279186304     794.080    1556.510  106.29105792121   -5.55491307181      20.0960     -1.446       -2.515      -0.6573           0.00
3053281500432343936     794.541    1066.200  106.28981196937   -5.59360294294      20.6536     -1.277      -10.330       3.3166           0.00
3053293835577163904     794.053    1686.902  106.29027866558   -5.54514578767      20.5352     -0.501        2.554      -0.5998           0.00
3053278747353420160     842.236      53.776  106.28458294321   -5.67461421511      18.5725     -0.914        0.844       0.5544           0.00
3053293835577163904     794.365    1665.642  106.29027866558   -5.54514578767      20.5352     -0.501        2.554      -0.5998           0.00
3053293698138265728    1283.818    1728.809  106.25050421704   -5.54103449967      19.0074     -0.504        1.245      -0.2754           0.00
3053280362263257216     381.158     504.093  106.32161672483   -5.63947942927      18.3259     -2.791        2.690       0.0688           0.00
3053294071797081600     794.240    1827.471  106.29061483505   -5.53169270837      19.2090      0.477       -0.728      -0.3536           0.00
3053293350242492928     774.935    1310.689  106.29080294390   -5.57453018159      18.9782     -0.448        1.057       0.5016           0.00
3053294071797081600     793.280    1853.126  106.29061483505   -5.53169270837      19.2090      0.477       -0.728      -0.3536           0.00
3053280538359634944      95.912     778.201  106.34475989243   -5.61770782513      18.8007     -1.265        1.311       0.5669           0.00
3053279503267730048    1002.007     310.128  106.27311176864   -5.65406230815      19.7315     -0.966        0.578      -0.5074           0.00
3053280503999915904     219.997     747.798  106.33457965067   -5.61990577534      20.1899      0.000        0.000       0.0000           0.00
3053280022967610752      32.807     199.503  106.34942363731   -5.66360846719      18.6535      0.504       -4.530       0.1545           0.00
