3053282084547707136      93.482    1555.734  106.34832680014   -5.55547785750      20.2483      3.792        1.315      -2.8795           0.00
3053278751657319168     821.613      84.612  106.28783709113   -5.67237257111      14.5998      0.120       -1.086       0.2582           0.00
3053279610647545472     816.464     361.793  106.28793252461   -5.65049127496      18.6405     -2.177        2.251       0.4919           0.00
3053279885528674304    1195.321     626.258  106.25881447808   -5.62901239326      15.4852      0.002       -0.283       0.1064           0.00
3053279610647545472     816.391     380.521  106.28793252461   -5.65049127496      18.6405     -2.177        2.251       0.4919           0.00
3053279640709014656     816.345     412.544  106.28905873821   -5.64734284771      20.3122      1.621        2.155       1.6752           0.00
3053281122479239040     669.290     653.441  106.30060777762   -5.62727465458      17.6933     -0.737        1.294       0.1302           0.00
3053279709426226048     816.350     635.576  106.28918201819   -5.63003801829      20.1027      1.336        2.590       0.9173           0.00
3053281186894984576     816.500     662.950  106.28844945763   -5.62691813863      20.5788     -1.717       -0.557       0.4203           0.00
3053281186895000576     815.574     730.954  106.28963357678   -5.62133379112      18.7295     -0.120        1.656       0.4094           0.00
3053279335769100928    1690.009      68.315  106.21863746916   -5.67299855895      18.0620     -5.116        2.320       0.4646           0.00
3053281191198719744     816.771     694.765  106.28816205917   -5.62502236947      16.8538     -1.488       -0.635       0.5334           0.00
3053281186895000576     815.356     726.501  106.28963357678   -5.62133379112      18.7295     -0.120        1.656       0.4094           0.00
3053281186895005696     816.715     748.004  106.28781098047   -5.61981000763      19.3387     -3.207        1.365      -0.8355           0.00
3053281530492452992     716.878    1084.746  106.29721684725   -5.59303265031      17.8343      0.169       -0.364       0.1131           0.00
3053282153271585024     284.888    1674.404  106.33221613013   -5.54659152390      18.1454      2.499       -4.414       0.3858           0.00
3053293350242492928     816.382    1306.426  106.29080294390   -5.57453018159      18.9782     -0.448        1.057       0.5016           0.00
3053281500432343936     816.402    1077.483  106.28981196937   -5.59360294294      20.6536     -1.277      -10.330       3.3166           0.00
3053281599211954944     816.450    1228.829  106.28933291478   -5.58228221232      19.1118     -0.813        0.523      -0.5715           0.00
3053281500432343936     816.707    1066.489  106.28981196937   -5.59360294294      20.6536     -1.277      -10.330       3.3166           0.00
3053281599211954944     816.645    1200.537  106.28933291478   -5.58228221232      19.1118     -0.813        0.523      -0.5715           0.00
3053293835582401408     816.145    1569.145  106.29070540822   -5.55327207582      17.3134     -0.131        1.011       0.2220           0.00
3053293388905811840     816.572    1346.254  106.28918254128   -5.57064553985      16.6525     -0.659        1.032       0.4301           0.00
3053293457621230720     816.350    1542.055  106.28980065142   -5.55659519242      20.4507     -3.025       -0.994       1.5138           0.00
3053278747353420160     863.905      56.032  106.28458294321   -5.67461421511      18.5725     -0.914        0.844       0.5544           0.00
3053293835577163904     816.502    1669.679  106.29027866558   -5.54514578767      20.5352     -0.501        2.554      -0.5998           0.00
3053280362263257216     403.537     506.695  106.32161672483   -5.63947942927      18.3259     -2.791        2.690       0.0688           0.00
3053294071797081600     816.687    1840.662  106.29061483505   -5.53169270837      19.2090      0.477       -0.728      -0.3536           0.00
3053280538359634944     118.279     780.874  106.34475989243   -5.61770782513      18.8007     -1.265        1.311       0.5669           0.00
3053279503267730048    1025.549     315.016  106.27311176864   -5.65406230815      19.7315     -0.966        0.578      -0.5074           0.00
3053280503999915904     242.652     750.225  106.33457965067   -5.61990577534      20.1899      0.000        0.000       0.0000           0.00
3053294071797081600     814.844    1855.834  106.29061483505   -5.53169270837      19.2090      0.477       -0.728      -0.3536           0.00
3053294071797081600     814.795    1858.335  106.29061483505   -5.53169270837      19.2090      0.477       -0.728      -0.3536           0.00
3053280435280430336      28.264     657.091  106.35172935770   -5.62758194754      19.1229      1.042       -0.772       0.2933           0.00
3053293423265250816    1054.921    1296.601  106.27058096744   -5.57582033270      18.8098     16.034      -26.478       0.3836           0.00
3053292048875744512    1805.542    1173.618  106.21064458502   -5.58495116572      19.2823      0.000        0.000       0.0000           0.00
