722.819    1549.874
1450.394      78.738
1638.993    1784.037
551.570    1856.621
1824.120     620.142
263.569    1548.607
1732.955     287.262
1445.518     412.329
1445.480     440.998
1445.482     460.185
1445.476     461.263
1445.443     479.721
1445.496     493.836
1445.424     530.284
1298.830     647.306
1445.468     542.032
149.660    1820.054
1445.509     623.545
1445.547     627.872
128.521     635.442
1445.548     696.167
914.539    1668.251
1445.539     760.283
1444.550     719.996
1444.567     721.513
1445.551     758.138
1346.254    1078.378
1445.546     787.136
1445.420     809.939
1445.598     858.758
1445.427     830.216
1445.526     982.598
1445.480     944.475
1445.531     896.119
1445.585     884.275
1445.522     895.007
1445.435     839.161
1445.592     920.737
1445.468     965.942
1445.391    1019.376
1445.424    1183.002
1445.487     991.560
1445.596    1078.237
643.732    1611.431
1445.609    1171.216
1443.563    1585.060
1445.583    1266.354
1445.480    1403.343
1445.679    1503.971
1445.641    1719.724
1445.626    1334.238
1445.263    1470.210
1445.197    1481.434
1445.321    1232.771
1445.671    1608.619
1445.334    1417.163
1445.659    1626.587
228.399    1565.289
1445.500    1726.927
1445.555    1701.119
1493.103      50.255
1445.480    1543.692
1445.808    1526.265
1032.708     499.439
1445.431    1645.077
1445.623    1737.567
1801.563    1128.592
748.010     774.271
1443.961    1850.856
657.102     650.072
871.789     744.020
1654.979     310.684
1445.136    1874.573
977.173     655.437
