93.482    1555.734
821.613      84.612
1009.726    1790.855
816.464     361.793
1195.321     626.258
816.391     380.521
816.345     412.544
816.368     432.747
816.359     462.603
816.371     459.274
816.254     502.361
816.310     510.782
816.425     532.896
816.405     551.206
669.290     653.441
816.350     635.576
816.500     662.950
815.574     730.954
1690.009      68.315
816.771     694.765
815.356     726.501
816.391     779.977
816.379     866.931
816.397     772.308
816.322     813.052
816.418     903.971
816.360     802.915
816.715     748.004
716.878    1084.746
284.888    1674.404
816.251     923.451
816.355     956.257
816.339     954.544
816.405     880.427
816.426    1003.358
816.488     974.241
816.382    1306.426
816.397    1026.475
816.402    1077.483
816.233    1136.228
816.450    1228.829
816.567    1045.292
816.250    1143.136
816.707    1066.489
816.403    1153.849
816.357    1414.672
816.344    1261.849
816.645    1200.537
816.444    1178.229
816.537    1715.045
816.145    1569.145
816.319    1483.284
816.567    1499.318
816.474    1728.467
816.572    1346.254
816.226    1456.364
816.350    1542.055
816.174    1629.555
816.118    1748.976
816.197    1649.428
816.473    1429.027
863.905      56.032
816.502    1669.679
403.537     506.695
14.354    1616.968
816.687    1840.662
118.279     780.874
816.154    1794.752
1025.549     315.016
816.554    1821.717
242.652     750.225
814.844    1855.834
816.064    1797.196
814.795    1858.335
28.264     657.091
1054.921    1296.601
1805.542    1173.618
