512.386    1552.725
1240.327      81.731
1428.814    1787.212
341.320    1859.280
1235.412     370.138
58.643    1556.721
1614.191     623.098
1235.430     378.079
1235.393     415.381
1235.395     479.120
1235.253     497.419
1226.692    1104.265
1235.387     534.804
1088.483     650.404
1235.367     634.726
1235.046     732.387
1234.492     722.715
1235.241     769.462
1235.413     927.035
1235.237     761.337
1235.278     850.171
1235.338     806.246
1235.466     873.187
1235.325     847.297
1235.548     892.046
1136.085    1081.182
1235.230     984.760
703.941    1670.936
1235.178     915.818
1235.495    1254.197
1235.315    1079.705
1235.337    1004.899
1235.501    1052.594
1234.835    1118.425
1235.613    1448.794
1235.527    1198.540
1235.378    1127.116
1235.370    1180.479
433.436    1614.118
1235.409    1030.015
1235.274    1423.420
1235.374    1333.161
1235.370    1272.352
1234.910    1307.884
1235.249    1556.744
1235.479    1288.900
1235.193    1631.063
1235.537    1394.147
1235.463    1469.432
1235.246    1649.179
1235.434    1514.377
1234.237    1591.427
1235.259    1620.594
1235.494    1465.931
1235.175    1561.163
1235.486    1746.722
1235.415    1737.773
1282.146      53.783
1235.326    1716.747
822.583     502.841
537.630     777.036
1233.817    1855.358
1234.226    1853.014
1235.613    1825.897
1235.254    1806.441
1445.451     312.143
922.673     337.253
1235.734    1883.539
661.190     746.870
