71.051    1553.418
799.366      82.195
987.323    1788.470
794.323     363.195
1173.008     623.746
794.254     379.540
794.237     413.369
42.035     509.347
794.219     438.847
794.186     449.192
794.177     472.681
794.217     492.601
794.152     510.736
794.231     525.451
794.164     537.303
793.887     569.637
793.720     571.095
647.035     651.147
794.437     657.655
1667.675      65.536
793.459     719.659
794.659     693.000
793.294     724.188
793.395     729.190
794.430     748.226
794.278     831.441
794.141     767.980
794.188     927.965
794.161     776.074
794.258    1216.906
794.184     986.810
794.264     806.497
794.063     820.812
794.330     866.698
794.316     863.914
262.368    1671.583
694.304    1082.223
794.211     855.073
793.998     969.162
791.798    1112.388
794.180    1143.638
793.277    1091.756
794.191     909.187
794.250     995.073
794.151     950.160
794.252    1241.043
794.156    1179.485
794.196    1037.654
794.280    1046.001
794.206    1171.219
794.194    1138.388
794.151    1418.962
794.146    1270.582
794.206    1289.801
794.254    1394.976
794.256    1257.534
794.083    1281.944
794.194    1421.497
793.388    1318.434
1291.375     252.910
794.177    1483.685
794.225    1161.606
794.399    1668.687
794.080    1556.510
793.986    1648.294
794.541    1066.200
794.082    1734.139
794.376    1708.262
794.053    1686.902
794.153    1609.477
794.347    1812.554
794.041    1630.875
842.236      53.776
794.365    1665.642
1283.818    1728.809
381.158     504.093
794.344    1808.486
794.240    1827.471
774.935    1310.689
793.280    1853.126
794.169    1798.937
95.912     778.201
1002.007     310.128
219.997     747.798
32.807     199.503
