489.482    1549.312
1217.586      77.633
1405.945    1783.793
318.374    1855.878
1212.598     363.486
1591.334     619.329
1212.560     380.838
1212.573     413.106
460.069     504.621
1212.566     446.556
1212.546     475.285
1212.504     508.656
1212.608     521.324
1212.594     544.066
1212.611     558.320
1213.332     683.343
1065.616     646.539
1212.642     631.674
1212.713     650.086
1211.770     719.688
1212.624     757.358
1212.807     735.134
1212.573     783.839
1213.548    1350.333
1212.841    1211.731
1212.696     771.354
1113.164    1077.711
1212.564    1000.358
1212.578     925.393
1212.596     936.247
1212.681     911.354
1212.728     882.376
1212.637     971.693
680.822    1667.212
1212.644    1077.011
1212.989    1051.947
1212.496    1039.470
1212.453    1482.930
1213.056    1062.227
1212.634    1404.465
1212.511    1678.413
1212.472    1233.870
1212.550    1268.250
1212.840    1194.810
1212.601    1707.484
1212.570    1481.434
1212.606    1427.250
1212.561    1498.475
1212.697    1288.166
1212.620    1712.563
1212.700    1423.311
1212.550    1725.458
1212.616    1521.901
1212.401    1258.786
1709.075     248.527
1212.672    1392.538
1212.638    1628.916
1212.773    1604.332
1211.678    1306.843
410.406    1610.920
1259.893      49.155
1213.011    1754.700
799.565     499.530
234.309     681.918
1212.029    1782.869
1210.996    1849.340
871.116     849.277
514.713     774.110
1212.392    1829.706
1212.454    1868.836
1451.228    1289.508
638.430     743.501
