Un_YFwb050129_2.fits
1303.568    1321.957  106.31762939482   -5.57373340541
182.010    1118.013  106.40679217385   -5.59093467273
655.250    1765.788  106.36968020816   -5.53916801171
Un_YFwb050130_2.fits
1445.555    314.307  106.28857640545   -5.65366592390
1801.694    1033.043  106.26080627919   -5.59621429015
1093.597    1324.901  106.31762939482   -5.57373340541
Un_YFwb050131_2.fits
1235.437     316.312  106.28857640545   -5.65366592390
1591.675    1036.054  106.26080627919   -5.59621429015
883.096    1327.890  106.31762939482   -5.57373340541
Un_YFwb050132_2.fits
1025.525     316.018  106.28857640545   -5.65366592390
1381.857    1035.882  106.26080627919   -5.59621429015
673.037    1327.719  106.31762939482   -5.57373340541
Un_YFwb050133_2.fits
816.370     319.548  106.28857640545   -5.65366592390
1172.634    1039.518  106.26080627919   -5.59621429015
463.804    1331.125  106.31762939482   -5.57373340541
Un_YFwb050070_2.fits
1781.855     593.924  106.44360675756   -5.63054729034
48.743     843.841  106.58204189067   -5.61233009481
1576.553     996.663  106.46039436068   -5.59880248844
Un_YFwb050085_2.fits
1421.612     309.157  106.28857640545   -5.65366592390
1777.644    1028.794  106.26080627919   -5.59621429015
1069.372    1320.743  106.31762939482   -5.57373340541
Un_YFwb050086_2.fits
1212.699     312.624  106.28857640545   -5.65366592390
1568.852    1032.444  106.26080627919   -5.59621429015
860.103    1324.335  106.31762939482   -5.57373340541
Un_YFwb050087_2.fits
1002.204     312.840  106.28857640545   -5.65366592390
1358.481    1032.524  106.26080627919   -5.59621429015
649.487    1324.396  106.31762939482   -5.57373340541
Un_YFwb050088_2.fits
794.148     316.848  106.28857640545   -5.65366592390
1150.305    1037.022  106.26080627919   -5.59621429015
441.325    1328.772  106.31762939482   -5.57373340541