932.775    1547.140
1659.866      75.793
1848.553    1781.042
761.473    1853.926
1655.142     347.450
1655.057     364.043
468.319    1540.768
1655.034     380.600
1655.027     405.722
1528.290     288.801
1655.046     423.293
1655.079     450.481
1654.997     477.451
1659.847     670.974
1655.073     497.658
1657.407    1360.602
1654.996     518.307
359.621    1817.329
1657.726    1352.813
1508.629     644.332
1655.032     553.560
1655.023     547.801
1657.363     678.266
1655.063     622.831
1655.477     654.104
338.217     632.187
1656.151     682.177
1655.182     748.514
1124.344    1665.404
1654.277     717.844
1655.058     763.352
1651.836    1093.719
1556.467    1075.347
72.418      83.267
1654.951     836.905
1655.152     864.569
1654.826     816.569
1655.286     931.023
1654.960    1029.143
1655.103    1217.798
1655.092    1065.889
1655.071     883.819
1655.023    1232.890
1654.986     972.929
1654.980     914.695
1655.153    1040.016
1655.099     988.643
1654.980    1016.438
1655.223     951.003
1655.129    1281.212
1655.111     958.980
1655.558    1052.776
1655.057    1260.024
1655.106    1456.162
1655.084    1428.566
1655.010    1257.757
1655.036    1186.284
1655.219    1721.426
1655.074    1487.084
1654.782    1141.668
853.766    1608.516
1654.947    1445.075
1655.072    1482.964
1654.771    1401.211
1655.272    1716.317
1655.040    1642.854
1655.139    1704.054
957.295     771.481
437.633    1562.202
1655.086    1751.164
1655.093    1752.571
1702.559      47.364
1655.044    1815.304
119.035     971.682
43.724     791.177
1654.914    1797.178
1654.212    1848.210
17.135     221.534
1314.129     847.358
141.469     555.299
1082.322     741.478
130.471    1069.810
1865.053     306.253
