698.706    1545.720
1426.360      74.287
1614.872    1779.893
527.435    1852.342
1421.576     346.280
1800.059     615.815
1421.436     379.960
1756.719     291.255
1421.497     413.807
1421.492     415.848
669.112     501.085
1421.485     434.181
1421.511     459.477
1421.543     470.409
1421.472     479.035
1421.513     507.650
789.727     891.285
1421.428     528.841
1421.517     553.474
125.727    1815.481
1421.312     609.165
1421.415     627.611
1421.586     645.229
1422.468     679.266
1422.145     680.979
1274.766     642.841
1420.734     716.002
1421.712     734.238
1421.502     761.518
1421.673     787.546
1421.628     730.970
1421.561     765.530
1417.002    1094.090
104.191     631.338
1421.486     888.468
1421.401     806.691
1421.480     827.670
890.205    1663.941
1421.470     977.794
1421.398     866.904
1421.480     940.224
1421.404     875.500
1421.519     999.388
1322.429    1074.329
1421.421    1133.801
1421.554     968.810
1421.458    1395.914
1421.787    1050.538
1421.463    1607.763
1421.558    1286.678
1421.807    1057.659
1421.959    1340.380
1420.796    1307.039
1421.490    1267.941
1421.687    1481.801
1421.711    1433.165
1421.676    1489.412
1421.650    1167.424
1421.258    1680.731
1421.609    1242.375
1421.529    1728.650
1421.505    1455.563
1421.702    1446.886
1421.301    1619.804
1421.560    1718.418
619.122    1606.866
1421.337    1643.839
1421.452    1733.010
1421.475    1664.438
1421.263    1690.611
1468.553      45.733
1421.610    1800.130
1420.256    1844.549
443.509     679.466
1421.352    1767.008
1630.175     306.806
203.838    1561.207
723.533     770.328
62.649    1881.822
1421.467    1833.998
1404.218    1302.274
