302.542    1552.373
1030.644      81.145
1218.931    1787.316
131.466    1859.031
1404.430     622.668
1025.533     381.789
1025.439     412.562
1025.458     428.378
1025.491     477.059
1025.499     490.668
1025.525     519.654
1381.876    1070.362
1025.503     548.914
878.495     649.985
1025.358     568.406
1025.230     570.674
1025.292     608.503
1025.413     623.892
1025.380     624.921
1025.543     649.761
1025.442     706.000
1024.535     723.389
1026.362     664.332
1025.543     789.944
926.271    1081.282
1025.618     754.288
1025.610     771.172
494.156    1670.874
1025.737     746.000
1025.287     819.714
1025.496     851.870
1025.564     875.190
1025.601     891.460
1025.418     839.740
1025.617     938.016
1025.651     942.137
1025.513     920.896
1025.661    1008.372
1025.471     992.073
1025.471     903.796
1025.500    1149.040
1025.463    1045.977
1025.630     979.833
1025.503    1698.999
1025.429    1038.526
1025.546    1081.836
1025.566    1028.256
1025.493    1482.044
223.422    1613.852
1025.503    1133.910
1025.657    1205.523
1025.119    1306.792
1025.502    1272.106
1025.488    1193.191
1381.974    1146.190
1073.155      52.820
1025.692    1257.130
1025.666    1240.943
1025.925    1345.721
1025.443    1445.851
1025.486    1558.951
1025.370    1517.902
1025.344    1513.984
1025.644    1393.390
1025.417    1554.255
1025.466    1336.219
1025.607    1494.355
1025.513    1624.112
1025.727    1467.251
1025.701    1418.677
1025.430    1733.942
1025.451    1743.838
1025.518    1644.057
1025.347    1600.507
327.680     776.879
1025.574    1765.483
1025.564    1753.948
1515.171    1727.685
1025.403    1817.671
47.631     685.300
1024.276    1853.879
237.307     653.325
452.471     746.812
1007.046    1309.413
1025.427    1807.293
557.746     658.205
1025.202    1834.965
