   x_s           y_s       G_instrument   source                                   x_m             y_m       Gmag   bp-rp   
529.716	1478.27	10.747502	 3052995558690422784	529.716	1478.27	11.1275	0.11
779.938	1662.007	12.044641	 3052998578043133952	779.942	1662.018	11.6596	1.25
1413.138	30.64	12.057954	 3052993050429638656	1413.142	30.641	12.3709	0.38
833.552	78.468	12.742312	 3052992363235731456	833.548	78.48	12.7966	0.8
1073.693	314.081	12.782754	 3052992427649970688	1073.693	314.081	12.4233	1.33
1307.409	1642.673	13.064746	 3052997345396841984	1307.414	1642.681	13.0652	0.75
128.645	116.67	13.233959	 3052945599630895104	128.645	116.67	12.8044	1.4
871.801	836.563	13.270704	 3052993703264602112	871.802	836.564	13.1698	0.94
128.332	647.55	13.320999	 3052992741191905280	128.333	647.546	13.4494	0.7
262.677	564.717	13.365824	 3052992706832177664	262.674	564.717	13.5063	0.7
1130.433	889.601	13.406741	 3052993875063301632	1130.438	889.6	12.8667	1.45
1064.519	1088.97	13.774643	 3052993978142502912	1064.519	1088.97	13.9057	0.55
668.208	550.827	13.811996	 3052992844272858624	668.212	550.827	13.8706	0.78
366.201	1553.576	13.843057	 3052995661769623040	366.203	1553.579	13.3626	1.37
1878.122	236.427	13.883907	 3052987449792293376	1878.122	236.438	14.1877	0.4
575.085	799.357	13.925913	 3052993737624329216	575.087	799.366	13.9114	0.86
17.569	1479.584	13.934908	 3052995421251443200	17.567	1479.588	14.0589	0.64
882.072	1070.077	13.958743	 3052994012502233088	882.074	1070.085	13.9505	0.79
194.125	956.276	13.974266	 3052994493539506176	194.104	956.326	13.2746	1.64
1006.406	897.743	13.998129	 3052993909423034368	1006.414	897.745	14.0353	0.77
423.872	425.859	14.052923	 3052992809911407616	423.872	425.859	13.9589	1.03
479.975	859.118	14.047173	 3052993737624321536	479.975	859.124	13.4978	1.5
384.793	1131.89	14.095179	 3052995249452790272	384.795	1131.894	13.2621	1.75
458.923	566.648	14.117595	 3052992809912327680	458.926	566.645	14.3237	0.58
1056.568	1369.164	14.122042	 3052997070518938624	1056.568	1369.176	13.5374	1.43
664.036	220.907	14.246022	 3052992397594570752	664.036	220.907	14.3716	0.73
497.09	1048.545	14.230086	 3052993771984049664	497.094	1048.544	14.1291	0.95
771.257	822.868	14.311304	 3052993634545122304	771.261	822.871	14.2917	0.81
895.878	842.211	14.320314	 3052993703264602112	895.88	842.222	14.5771	0.3
1443.63	1204.562	14.341115	 3052996967439749632	1443.633	1204.563	14.5089	0.58
1746.035	877.471	14.356772	 3052996486403443200	1746.037	877.484	14.5401	0.59
515.151	1336.712	14.366206	 3052995524330690560	515.153	1336.712	13.7044	1.58
1297.713	154.049	14.389105	 3052993050429625344	1297.713	154.049	14.3769	0.9
37.576	1459.921	14.409017	 3052995421251445760	37.574	1459.929	14.575	0.58
176.757	1861.585	14.46915	 3052996142805935104	176.756	1861.589	14.4199	0.82
1883.253	96.12	14.509409	 3052987415432562688	1883.252	96.126	14.6088	0.72
31.464	686.456	14.54157	 3052992736890042368	31.464	686.456	14.7974	0.57
1134.991	1209.994	14.593561	 3052994081221713920	1134.991	1209.994	14.4455	0.93
1745.2	1766.758	14.579324	 3052998135670112768	1745.206	1766.768	14.5283	0.81
1534.4	817.343	14.597681	 3052993531465938432	1534.406	817.356	14.6059	0.86
440.754	436.632	14.641773	 3052992809911407616	440.754	436.632	14.9403	0.49
1843.196	812.971	14.689755	 3052996383325122560	1843.196	812.972	14.105	1.56
571.234	731.921	14.704345	 3052992981710088704	571.236	731.927	14.2098	1.5
727.434	1334.34	14.736148	 3052995524330699776	727.438	1334.357	14.6664	0.89
1161.59	208.773	14.76258	 3052992328875112960	1161.591	208.773	14.813	0.84
67.588	1552.55	14.806205	 3052995489970918400	67.589	1552.552	14.9366	0.64
1491.485	1429.606	14.820114	 3052997207957908480	1491.53	1429.611	14.7611	0.84
321.918	1456.258	14.833901	 3052995451309541888	321.916	1456.27	15.008	0.59
229.277	1805.921	14.878393	 3052995764848818176	229.279	1805.933	14.0029	1.74
1709.366	623.596	14.946671	 3052993428386740736	1709.372	623.6	14.794	1.03
392.199	1026.524	14.962083	 3052993771984047104	392.201	1026.524	15.0167	0.77
1866.11	1593.119	14.999507	 3052998032590907392	1866.114	1593.13	15.0936	0.69
477.111	544.049	15.011138	 3052992809907929088	477.112	544.052	15.0973	0.81
1573.102	1380.232	15.018473	 3052997207957914624	1573.106	1380.247	14.976	0.87
336.927	1162.453	15.077196	 3052995249452787200	336.926	1162.467	14.3066	1.67
1186.811	1821.198	15.085819	 3052998822865575936	1186.814	1821.214	15.0157	0.88
1121.253	61.162	15.088176	 3052992328875118080	1121.255	61.171	15.3203	0.56
1791.979	1848.618	15.097699	 3052998204389587968	1791.983	1848.62	15.0719	0.8
613.555	768.403	15.112529	 3052993737624332288	613.556	768.415	15.2711	0.6
393.621	190.146	15.156048	 3052992500673775104	393.621	190.146	14.3153	1.81
85.236	161.877	15.158486	 3052945599630890496	85.236	161.877	14.4471	1.77
925.893	1026.75	15.215261	 3052994012502238208	925.892	1026.743	15.2527	0.72
1452.98	85.225	15.255687	 3052993050429637632	1452.98	85.225	15.3922	1.09
165.652	1471.009	15.248058	 3052995455612960768	165.648	1471.013	15.5505	0.82
1037.974	262.916	15.309367	 3052992431954320384	1037.972	262.914	15.2699	0.97
1663.441	1542.679	15.322215	 3052997276677386240	1663.449	1542.685	15.1206	1.09
188.456	81.214	15.349504	 3052945565271160832	188.457	81.221	15.3482	0.89
1023.616	24.677	15.412861	 3052992260155639808	1023.616	24.677	15.2032	1.09
1111.757	318.828	15.41181	 3052993187868564480	1111.753	318.829	15.3988	0.9
919.641	1226.166	15.449453	 3052994081221702656	919.645	1226.175	15.3709	0.87
198.172	142.89	15.477282	 3052945565271158272	198.175	142.89	15.5622	0.83
1449.6	826.038	15.564086	 3052993565825674752	1449.597	826.048	15.7206	0.68
612.058	1819.879	15.567518	 3052998685426595328	612.061	1819.884	15.5699	0.85
1495.941	984.757	15.589406	 3052996520764867584	1495.944	984.746	15.427	1.34
1352.766	857.248	15.616064	 3052993565825667584	1352.769	857.26	15.3471	1.18
1555.731	1375.588	15.649748	 3052997207957913600	1555.741	1375.59	15.0455	1.52
241.979	543.979	15.678239	 3052992702530279424	241.98	543.983	15.6066	0.97
385.315	1215.038	15.682935	 3052995318172262400	385.315	1215.04	15.4512	1.11
523.819	1086.795	15.684792	 3052993840703525376	523.816	1086.796	15.4426	1.12
1103.124	1481.738	15.720851	 3052997070518935040	1103.124	1481.738	15.5053	1.01
1055.301	713.613	15.707979	 3052993668904878080	1055.307	713.611	15.5931	1.04
683.838	374.617	15.737175	 3052992775551683584	683.838	374.617	15.6674	1.0
348.892	701.856	15.720833	 3052992912991542272	348.889	701.862	15.8365	0.77
1325.077	89.033	15.723163	 3052992290213310976	1325.08	89.041	15.6785	0.93
1013.041	1455.426	15.764059	 3052997070518932480	1013.041	1455.426	15.6956	0.81
1445.34	530.308	15.776752	 3052993462746474496	1445.34	530.308	15.6769	1.0
280.464	1832.299	15.759524	 3052995764848818688	280.469	1832.313	15.6837	0.9
571.678	1701.383	15.758363	 3052995730489100288	571.679	1701.401	15.2484	1.41
798.194	1414.297	15.802829	 3052995593050175488	798.194	1414.297	15.8034	0.74
1631.283	1050.619	15.802893	 3052996589483551232	1631.286	1050.624	15.8297	0.8
861.805	1155.085	15.845212	 3052994008200469504	861.806	1155.099	15.8539	0.78
1408.428	988.952	15.862543	 3052993943782785024	1408.433	988.954	15.7955	0.95
613.93	1196.127	15.872599	 3052993840703523840	613.932	1196.131	15.8631	0.83
1381.418	680.216	15.892747	 3052993462746463232	1381.418	680.216	15.8809	0.91
1546.375	990.584	15.904908	 3052996520763168768	1546.379	990.586	15.8561	0.9
1727.647	756.912	15.91392	 3052996486403449856	1727.649	756.915	15.8709	0.93
361.629	453.976	15.914948	 3052992603752973312	361.61	453.974	15.7831	1.07
385.066	596.817	15.9889	 3052992912990611456	385.067	596.821	16.0386	0.85
961.097	671.955	15.991367	 3052993668904876032	961.104	671.954	15.9792	0.89
1627.903	153.086	15.992536	 3052987243633857024	1627.9	153.091	15.2458	1.73
808.694	90.74	16.034013	 3052992363235731456	808.694	90.74	16.0237	0.92
555.112	777.069	16.021137	 3052992981710085120	555.115	777.08	15.8509	1.08
762.543	1211.526	16.050426	 3052994046861959168	762.549	1211.521	15.8991	0.99
475.276	351.266	16.065743	 3052992569393246208	475.276	351.266	15.9042	1.13
1346.924	766.582	16.061288	 3052993497106195968	1346.921	766.582	16.1615	0.69
905.139	1054.375	16.066668	 3052994012502235136	905.139	1054.388	15.9027	1.0
1161.685	1333.909	16.091904	 3052997036159207424	1161.685	1333.909	15.9771	0.9
511.97	276.068	16.098778	 3052992569393251840	511.97	276.068	15.4933	1.6
1503.744	1759.609	16.078253	 3052997414116320256	1503.728	1759.616	16.0446	0.83
1186.184	1052.659	16.084769	 3052993978142510080	1186.189	1052.665	16.0872	0.77
388.951	1774.487	16.110764	 3052995764848825856	388.948	1774.513	16.1403	0.75
622.849	1158.268	16.118592	 3052993840703525888	622.849	1158.268	15.9167	1.02
914.714	984.676	16.126419	 3052993909423025152	914.715	984.675	16.0014	0.98
315.143	1503.299	16.156358	 3052995661769624064	315.145	1503.31	16.0359	0.98
562.352	181.019	16.186077	 3052992191436137472	562.352	181.019	15.8018	1.35
737.633	1461.555	16.170695	 3052995593050171392	737.631	1461.562	15.923	1.12
795.293	700.814	16.177014	 3052993634545128960	795.299	700.82	16.083	0.96
539.837	29.798	16.193894	 3052992122716667904	539.841	29.797	16.2103	0.88
408.295	1479.729	16.206376	 3052995558690416128	408.296	1479.733	16.2236	1.19
439.323	1878.817	16.245414	 3052998715484770304	439.323	1878.823	16.0934	1.12
988.744	575.233	16.280534	 3052993222228284928	988.746	575.245	16.1962	0.97
1607.048	209.172	16.295654	 3052993119149113856	1607.046	209.178	16.162	1.07
1631.018	1132.332	16.31101	 3052996589482640384	1631.018	1132.332	16.152	1.07
530.718	452.248	16.313258	 3052992809912328192	530.718	452.248	16.2306	1.07
208.96	1491.981	16.312899	 3052995455611189760	208.957	1491.994	16.2526	0.96
1055.593	282.93	16.350586	 3052992431954319872	1055.592	282.93	16.2827	1.01
594.818	1698.418	16.332576	 3052995730489101824	594.818	1698.437	16.2299	0.95
516.964	1191.946	16.343705	 3052995318172269056	516.966	1191.951	16.0668	1.15
267.702	1201.459	16.361057	 3052995283812519936	267.697	1201.481	16.1074	1.17
1235.809	364.008	16.369903	 3052993187868568576	1235.812	364.014	16.2105	1.09
1663.46	1311.932	16.376356	 3052997173598183936	1663.467	1311.938	16.1991	1.06
953.524	623.928	16.382649	 3052993600186311680	953.527	623.923	16.1014	1.2
1018.861	1015.015	16.391174	 3052993909423028736	1018.866	1015.023	16.0689	1.17
97.603	564.87	16.410993	 3052992741191908864	97.603	564.87	16.2271	1.17
1874.675	1608.908	16.415112	 3052998032590906880	1874.675	1608.908	16.4564	0.7
14.71	1409.795	16.400293	 3052995386891708928	14.696	1409.784	16.5139	0.68
1476.404	1517.929	16.414039	 3052997311037116928	1476.41	1517.939	16.2227	1.07
1716.117	1122.92	16.413306	 3052996589482645504	1716.116	1122.926	16.402	0.85
1254.726	1304.722	16.428003	 3052997036159213056	1254.726	1304.733	16.2966	0.93
482.504	645.698	16.452617	 3052992981710090240	482.483	645.702	16.1346	1.23
832.143	403.596	16.44308	 3052992466314042880	832.148	403.593	16.3436	1.01
998.858	639.013	16.460401	 3052993668904880128	998.859	639.019	15.9706	1.48
683.326	1761.06	16.490102	 3052998685426601984	683.332	1761.066	16.4385	0.95
1484.625	168.107	16.511486	 3052993046127577088	1484.625	168.107	16.2444	1.21
1417.654	437.775	16.553085	 3052993153509715456	1417.654	437.775	15.7591	1.8
1749.228	1239.687	16.548632	 3052997173598192128	1749.232	1239.69	16.2605	1.17
541.471	1844.119	16.557199	 3052998685426590720	541.474	1844.127	16.411	1.06
937.051	643.257	16.563212	 3052993600185400320	937.043	643.27	16.4326	1.01
1675.472	1014.74	16.56696	 3052996585180815360	1675.478	1014.746	16.321	1.14
1538.274	1755.311	16.569688	 3052997379756583424	1538.276	1755.328	16.4331	1.0
83.09	1677.228	16.589105	 3052995489970912256	83.095	1677.237	16.6864	0.74
1400.011	610.669	16.591829	 3052993458444533248	1400.011	610.667	16.5006	1.0
477.826	1793.716	16.60085	 3052995730489091072	477.825	1793.726	16.4479	1.02
1617.715	1236.627	16.613544	 3052996967439756288	1617.72	1236.63	15.8043	1.75
122.515	755.917	16.631674	 3052992947350329344	122.515	755.917	16.5195	1.06
1370.89	388.128	16.633527	 3052993153508833280	1370.89	388.128	15.8393	1.81
1192.889	958.84	16.664701	 3052993943782776832	1192.889	958.84	16.4845	0.99
1423.761	1228.176	16.671114	 3052997001799486464	1423.761	1228.176	16.4844	1.0
1684.146	1241.993	16.662804	 3052997173598188032	1684.154	1242.005	16.4293	1.11
62.791	1590.844	16.693653	 3052995485669306368	62.789	1590.862	16.7543	0.77
84.729	983.139	16.718382	 3052994493538542080	84.729	983.139	16.8835	1.07
958.202	817.564	16.734731	 3052993698962749440	958.204	817.569	16.5329	1.09
1631.534	1418.62	16.745792	 3052997207957914624	1631.51	1418.646	16.8556	1.14
820.755	872.041	16.769611	 3052993698962760192	820.755	872.041	16.5172	1.11
262.317	681.888	16.766721	 3052992908688732672	262.321	681.887	16.2766	1.4
1378.075	1241.382	16.765372	 3052996928778248704	1378.083	1241.399	15.8852	1.79
349.288	1079.279	16.794551	 3052995249452791296	349.278	1079.289	16.6275	1.04
230.857	1642.16	16.804102	 3052995691827748864	230.857	1642.16	16.7406	0.9
1008.213	1202.466	16.832954	 3052994081221708288	1008.213	1202.466	16.6267	1.0
1427.207	530.952	16.872764	 3052993462746472960	1427.208	530.952	16.7508	1.09
114.394	1211.61	16.873666	 3052995283812512256	114.394	1211.61	16.6701	1.12
710.773	528.194	16.861234	 3052992844271153152	710.776	528.185	16.7446	1.05
496.619	1771.332	16.862023	 3052995730489093120	496.663	1771.36	16.6885	0.99
148.997	1872.618	16.874736	 3052996142805932032	149.004	1872.629	16.5689	1.14
374.884	1604.224	16.880514	 3052995661769620480	374.888	1604.225	16.0409	1.74
1821.075	1332.954	16.90738	 3052997173598189056	1821.075	1332.954	16.158	1.71
1121.605	615.599	16.891718	 3052993290947764736	1121.604	615.6	16.6957	1.01
52.585	1299.788	16.911759	 3052995382590947328	52.585	1299.788	16.9382	0.86
1013.073	1357.645	16.975215	 3052997070518937600	1013.073	1357.645	15.9031	1.93
110.266	1111.049	16.963222	 3052994523596531712	110.262	1111.055	16.9342	0.94
1308.969	572.894	16.990539	 3052993256588035584	1308.969	572.895	16.8547	1.08
115.537	1828.285	16.971848	 3052996074086456320	115.542	1828.298	16.8156	1.0
421.017	1427.336	16.976843	 3052995558690420224	421.021	1427.347	16.8187	1.03
818.265	1847.799	16.981151	 3052998646765287936	818.271	1847.808	16.8338	1.0
1273.931	227.671	17.014934	 3052993084789359616	1273.931	227.671	17.0328	0.93
272.554	212.95	17.013346	 3052992496371767296	272.551	212.957	16.947	1.05
907.401	425.725	17.006295	 3052992466314045952	907.414	425.732	16.7292	1.2
1034.243	1087.318	17.019638	 3052993978142500864	1034.245	1087.323	16.821	1.02
1833.557	196.045	17.04934	 3052987445490226176	1833.561	196.051	16.8431	1.13
321.724	1808.24	17.066979	 3052995764848822784	321.723	1808.24	16.8493	1.04
1597.353	1306.241	17.067986	 3052997173598181376	1597.353	1306.241	16.1472	1.81
1356.599	966.206	17.056775	 3052993943782783488	1356.595	966.218	16.9248	0.99
387.038	311.898	17.079187	 3052992569393244672	387.038	311.897	16.8527	1.18
1664.308	418.54	17.094846	 3052993325307533312	1664.304	418.527	16.9655	1.07
1511.535	401.336	17.132911	 3052993153508837376	1511.535	401.336	16.972	1.1
237.495	697.183	17.132285	 3052992947350337536	237.517	697.186	16.8828	1.27
1071.665	1401.596	17.120823	 3052997070518938112	1071.665	1401.602	16.6913	1.24
1652.235	1189.188	17.137693	 3052996967439759872	1652.235	1189.188	16.9341	1.06
944.274	1696.402	17.131006	 3052998612405521408	944.276	1696.428	16.9451	1.03
1661.62	125.445	17.146912	 3052987243633861120	1661.62	125.445	16.9347	1.15
1082.874	1177.635	17.147197	 3052994076919950336	1082.874	1177.634	16.9027	1.11
542.959	1329.244	17.142001	 3052995524330693120	542.945	1329.249	16.935	1.1
116.727	96.991	17.163073	 3052945565271157248	116.727	96.991	17.0216	1.12
1261.692	980.723	17.165201	 3052993943782778880	1261.692	980.723	16.9759	1.06
819.486	186.144	17.146725	 3052992358932807168	819.52	186.145	16.9318	1.18
871.882	1582.139	17.17882	 3052998547987668992	871.883	1582.139	16.9265	1.1
173.598	311.139	17.178674	 3052992535033497088	173.598	311.139	17.191	0.93
642.983	1661.148	17.180168	 3052995627409892352	642.983	1661.148	16.9816	1.06
1139.045	592.648	17.167585	 3052993290947767296	1139.054	592.66	17.1489	0.84
1532.786	249.686	17.178051	 3052993119149107712	1532.778	249.682	16.9437	1.21
926.643	341.165	17.172188	 3052992466314050048	926.642	341.168	16.9065	1.21
1283.333	31.086	17.214798	 3052992294508617216	1283.333	31.086	17.0222	1.12
1105.251	13.161	17.210404	 3052992255853555200	1105.262	13.167	16.9415	1.19
567.062	1116.631	17.238057	 3052993836401767424	567.062	1116.631	17.0168	1.02
1283.36	906.824	17.216261	 3052993943782784000	1283.37	906.814	16.4329	1.71
1872.737	878.54	17.238001	 3052996550821048320	1872.742	878.53	17.155	0.97
1533.81	1818.206	17.239792	 3052997414115598336	1533.813	1818.221	16.8234	1.3
1119.663	835.255	17.241807	 3052993875063304192	1119.678	835.263	16.8608	1.25
1736.456	246.338	17.263982	 3052987445490239488	1736.456	246.338	16.9635	1.18
1234.536	1694.478	17.247021	 3052997345396835840	1234.532	1694.526	17.1138	0.96
126.044	1872.773	17.257623	 3052996069784914944	126.048	1872.782	17.2274	0.85
1485.086	439.978	17.284111	 3052993149206852608	1485.086	439.978	17.1469	1.07
1203.612	1439.137	17.29174	 3052997100576979968	1203.612	1439.137	17.0971	1.08
803.739	468.99	17.295425	 3052992839969211904	803.739	468.99	17.2247	1.02
603.987	1039.321	17.270913	 3052993840703532032	603.991	1039.355	17.2911	0.89
1569.458	1018.556	17.293697	 3052996520763167744	1569.473	1018.559	17.0568	1.14
823.471	1815.718	17.309898	 3052998651066867712	823.474	1815.748	17.0717	1.12
356.302	1405.967	17.329441	 3052995352531987968	356.302	1405.967	17.0858	1.08
1554.698	1816.868	17.339487	 3052997414115599360	1554.699	1816.869	17.1089	1.07
56.717	1196.706	17.32968	 3052994527898266112	56.717	1196.706	17.1738	1.05
230.023	983.425	17.333574	 3052994489236764672	230.031	983.453	17.2668	1.11
921.785	1690.638	17.361496	 3052998612405521408	921.785	1690.638	17.132	1.12
963.233	1728.672	17.377882	 3052998616707141632	963.233	1728.672	17.1522	1.06
1842.761	1435.963	17.368151	 3052997242316932096	1842.765	1435.985	17.1329	1.16
668.302	1819.785	17.37471	 3052998685426597376	668.317	1819.786	17.1814	1.08
1257.534	743.951	17.379102	 3052993492804301824	1257.545	743.966	17.0946	1.16
971.486	1229.751	17.370448	 3052994076919960576	971.534	1229.741	17.0085	1.21
894.953	1514.656	17.390275	 3052998547987673600	894.949	1514.679	17.0724	1.17
1772.451	388.579	17.404255	 3052993325307541504	1772.451	388.579	17.0822	1.24
1487.567	1106.11	17.412028	 3052996894418481152	1487.567	1106.11	16.8146	1.49
991.4	166.497	17.416132	 3052992427652279808	991.393	166.499	17.2263	1.19
1288.597	74.367	17.435151	 3052992290213306368	1288.597	74.367	17.3794	1.08
1131.521	528.04	17.440375	 3052993290947769344	1131.521	528.04	17.2255	1.1
760.123	1833.252	17.442353	 3052998754146077696	760.123	1833.252	17.2257	1.12
86.343	176.088	17.459039	 3052945599630888960	86.343	176.089	17.2799	1.1
97.393	839.122	17.47354	 3052994420517256704	97.406	839.132	17.2563	1.15
1477.173	185.448	17.492036	 3052993046127577088	1477.173	185.448	17.2443	1.26
1418.649	107.495	17.475982	 3052993046127559680	1418.638	107.533	17.1724	1.26
1603.25	396.643	17.513116	 3052993325307532288	1603.249	396.643	17.2637	1.16
1069.546	16.296	17.514659	 3052992260155641856	1069.546	16.296	16.9203	1.49
407.064	1384.592	17.519029	 3052995352524908032	407.065	1384.592	17.2587	1.13
1198.734	111.643	17.521697	 3052992324574182400	1198.74	111.646	17.3357	1.15
1750.274	1171.122	17.539836	 3052996795641073664	1750.274	1171.122	17.1728	1.24
968.628	708.059	17.518864	 3052993668905787904	968.617	708.059	16.7343	1.72
1438.777	1159.02	17.528324	 3052996898720275456	1438.784	1159.017	16.4491	1.95
1869.786	1567.654	17.531235	 3052997993930215936	1869.797	1567.678	17.1454	1.22
976.359	1882.456	17.536034	 3052998857225300992	976.382	1882.476	17.2623	1.19
1768.339	549.426	17.541382	 3052993394027008000	1768.337	549.448	17.2372	1.25
1324.433	1686.399	17.550547	 3052997341095198208	1324.442	1686.422	17.3013	1.14
1829.568	1768.459	17.582071	 3052998032590899200	1829.568	1768.459	17.3267	1.1
1551.476	674.699	17.587251	 3052993531465946624	1551.476	674.699	17.3944	1.21
1853.45	260.414	17.593317	 3052987445490242560	1853.449	260.403	17.2645	1.28
1388.147	1127.599	17.595952	 3052996894418487296	1388.141	1127.606	17.3417	1.19
630.956	560.236	17.616381	 3052992874328969728	630.956	560.236	17.2004	1.36
1767.042	1404.946	17.605876	 3052997238015929856	1767.055	1404.951	17.3185	1.14
1701.052	957.748	17.605263	 3052996486404336640	1701.064	957.768	17.3809	1.16
415.551	1496.386	17.636567	 3052995554390290944	415.551	1496.386	17.4784	1.04
1287.155	1319.442	17.638234	 3052996933079998464	1287.169	1319.462	17.2636	1.24
1091.646	1325.486	17.635615	 3052997036159204864	1091.647	1325.535	16.9007	1.61
798.43	1122.462	17.684647	 3052994012502226944	798.43	1122.462	17.413	1.09
853.338	20.899	17.687439	 3052992152774341632	853.338	20.899	17.1935	1.4
183.855	1229.605	17.691164	 3052995279510801920	183.855	1229.605	17.5095	1.16
142.139	1254.689	17.702723	 3052995283812510720	142.139	1254.689	17.3257	1.26
934.734	1618.323	17.691567	 3052998547987670016	934.728	1618.349	17.3808	1.19
1636.788	185.074	17.718993	 3052987239331791872	1636.8	185.089	17.4912	1.17
1864.387	53.745	17.730066	 3052987209274133504	1864.368	53.755	17.1338	1.52
314.096	861.275	17.747618	 3052993011767989248	314.096	861.275	17.6587	1.08
413.415	1105.297	17.731723	 3052995245151036928	413.427	1105.311	17.6739	0.97
1685.402	800.725	17.74153	 3052996482101555200	1685.404	800.696	17.5066	1.12
1857.565	500.755	17.763643	 3052993389725033472	1857.565	500.755	17.5021	1.16
290.682	212.248	17.767429	 3052992496371767296	290.682	212.248	17.5574	1.22
22.659	747.659	17.759243	 3052994218660645888	22.66	747.663	17.4252	1.3
408.543	1605.104	17.781255	 3052995661769622016	408.543	1605.104	17.198	1.44
1333.224	1080.172	17.793767	 3052996894418474496	1333.224	1080.172	17.3251	1.33
1529.277	1686.482	17.774577	 3052997379756585984	1529.271	1686.491	17.4284	1.19
1646.636	675.612	17.783482	 3052993424084809728	1646.613	675.619	17.4956	1.26
1393.256	1331.374	17.815253	 3052996997497742336	1393.256	1331.374	17.5272	1.03
666.985	1389.913	17.829765	 3052995524323642368	666.985	1389.913	17.3764	1.39
396.075	1752.933	17.8435	 3052995760547249152	396.074	1752.934	17.5213	1.14
1482.232	1319.042	17.830509	 3052996997497740288	1482.22	1319.046	17.6081	1.09
1004.365	60.697	17.831409	 3052992260155636736	1004.387	60.687	17.5797	1.16
658.26	948.154	17.856132	 3052993802041991168	658.26	948.154	17.5795	1.14
1084.59	606.591	17.868317	 3052993286645839872	1084.597	606.591	17.5036	1.35
1058.355	1203.552	17.88422	 3052994081221709824	1058.338	1203.52	17.3693	1.46
735.117	88.139	17.905202	 3052992157076410368	735.116	88.13	17.7511	1.08
1351.813	107.708	17.921009	 3052993046127558656	1351.813	107.708	17.6993	1.17
1309.166	334.988	17.948734	 3052993080487350272	1309.156	334.976	17.6415	1.28
1694.016	1810.681	17.918555	 3052998135661269504	1694.008	1810.669	17.5583	1.19
351.971	1684.534	17.942286	 3052995726187493376	351.97	1684.534	17.6463	1.12
656.226	150.584	17.94461	 3052992187134107648	656.226	150.584	17.2287	1.79
1171.045	1352.867	17.947286	 3052997036159205888	1171.045	1352.867	17.329	1.54
674.267	941.289	17.933782	 3052993806343801856	674.258	941.293	17.6082	1.23
1801.996	1421.931	17.95739	 3052997242317660160	1802.015	1421.909	17.6608	1.18
1435.289	1184.05	17.972418	 3052996898720274432	1435.288	1184.051	17.6564	1.18
424.736	1816.226	17.984939	 3052995760547256320	424.733	1816.242	17.8234	1.04
505.969	1646.775	17.996746	 3052995730489100800	505.969	1646.775	17.6303	1.2
1553.107	1490.303	17.985321	 3052997203656207360	1553.097	1490.307	17.7061	1.27
1281.53	720.319	18.026028	 3052993497106195456	1281.53	720.319	17.7402	1.22
1536.93	1421.084	18.031302	 3052997207957911040	1536.93	1421.085	17.7055	1.28
1311.205	532.662	18.026098	 3052993252286084096	1311.205	532.662	17.9062	1.1
606.987	932.793	18.006547	 3052993733322511360	606.976	932.776	17.7285	1.15
1776.072	21.051	18.032307	 3052987204972018688	1776.068	21.06	17.6674	1.28
15.878	533.626	18.019091	 3052992668170529280	15.872	533.637	17.537	1.41
1719.034	434.974	18.041961	 3052993321005543424	1719.034	434.974	17.7557	1.22
1830.774	1452.672	18.029083	 3052997238015938048	1830.779	1452.676	17.6359	1.21
1069.186	677.808	18.059022	 3052993668906583040	1069.186	677.808	18.0397	1.23
343.634	98.361	18.063853	 3052992500673777664	343.634	98.361	17.8636	1.15
1438.412	1080.179	18.034831	 3052996894418475008	1438.408	1080.183	17.6379	1.19
1712.672	1147.05	18.053448	 3052996589475751936	1712.688	1147.023	17.9137	1.2
38.343	1535.225	18.065506	 3052995489970917888	38.358	1535.24	17.7117	1.22
315.881	1091.057	18.10425	 3052995249452789760	315.881	1091.057	17.8372	1.2
1346.859	1863.231	18.107435	 3052998887283460096	1346.859	1863.231	17.6191	1.35
1458.106	614.678	18.097131	 3052993458444533248	1458.079	614.703	17.8027	1.21
115.21	1630.275	18.118984	 3052995485669314048	115.209	1630.275	17.8338	1.29
436.239	1551.362	18.115248	 3052995661769627648	436.241	1551.372	17.8229	1.2
183.882	658.087	18.148782	 3052992943048465920	183.883	658.088	17.8869	1.18
1256.752	1334.118	18.134123	 3052997031857481728	1256.761	1334.142	17.7558	1.24
142.527	269.506	18.157526	 3052992535033497600	142.528	269.506	17.8944	1.21
748.7	1571.283	18.159072	 3052998547980594176	748.7	1571.282	17.9515	1.37
1662.125	744.457	18.149381	 3052993531465947648	1662.126	744.441	17.8616	1.24
1350.549	401.037	18.171684	 3052993149206842880	1350.549	401.037	17.9181	1.25
680.118	879.743	18.166709	 3052993737624328704	680.116	879.773	17.8613	1.29
1760.121	1286.976	18.192456	 3052997173598188544	1760.122	1286.976	17.9275	1.23
324.542	990.272	18.197027	 3052995245151014400	324.542	990.272	17.9361	1.26
769.936	177.664	18.198257	 3052992363235730432	769.935	177.664	17.968	1.28
290.172	848.399	18.178403	 3052993016069808640	290.179	848.437	17.853	1.28
1634.671	296.213	18.183926	 3052993119149110272	1634.642	296.208	17.3182	1.76
1596.809	1042.405	18.217549	 3052996520764867584	1596.809	1042.405	18.1761	1.37
1437.749	431.194	18.220391	 3052993149206852608	1437.749	431.194	17.9334	1.32
586.547	1382.857	18.199434	 3052995524330691584	586.515	1382.883	17.8692	1.22
350.353	330.3	18.212186	 3052992599451011072	350.376	330.292	17.985	1.18
1669.826	261.448	18.250249	 3052993114847073280	1669.826	261.446	17.9488	1.29
1034.531	1865.338	18.25491	 3052998857226279424	1034.531	1865.338	17.4124	1.8
1266.719	887.647	18.28937	 3052993939480936960	1266.709	887.651	17.8906	1.33
1813.506	1674.074	18.25544	 3052998032590902784	1813.452	1674.048	17.9263	1.26
1337.278	1866.78	18.273724	 3052998887284912128	1337.278	1866.78	17.7235	1.39
58.253	1419.236	18.272595	 3052995382590071808	58.282	1419.251	18.0328	1.14
401.141	112.927	18.287727	 3052992496371745280	401.144	112.932	17.9134	1.35
1449.559	244.307	18.293625	 3052993114847067648	1449.56	244.313	18.0932	1.24
49.668	888.888	18.305866	 3052994420517268480	49.668	888.888	17.407	1.87
862.811	201.546	18.307666	 3052992363234840064	862.811	201.546	18.0783	1.17
316.113	176.14	18.317508	 3052992500673772032	316.114	176.141	18.0822	1.38
796.903	599.92	18.306151	 3052993595883482112	796.91	599.915	17.9002	1.31
941.411	1115.449	18.325576	 3052994008200461824	941.411	1115.449	17.5168	1.62
817.755	1744.868	18.321494	 3052998578045790208	817.787	1744.863	17.9245	1.21
1373.726	1800.607	18.359467	 3052997414116312576	1373.726	1800.606	18.0404	1.22
1262.001	1715.333	18.363454	 3052997345396835840	1262.0	1715.335	17.8368	1.36
1624.114	37.807	18.380658	 3052987170612282880	1624.114	37.807	17.9378	1.34
881.387	1838.323	18.38138	 3052998646765285888	881.387	1838.323	18.2136	1.1
1413.694	1822.054	18.360439	 3052997414116313088	1413.711	1822.064	17.9232	1.33
37.938	1643.702	18.382733	 3052995485669315584	37.938	1643.702	18.0947	1.34
232.322	1662.629	18.397455	 3052995696129348608	232.31	1662.62	17.9118	1.28
94.127	1456.451	18.390186	 3052995451309541888	94.128	1456.525	18.1647	1.16
643.818	1376.281	18.401832	 3052995520029004288	643.853	1376.274	18.0657	1.3
1436.015	1450.948	18.416741	 3052997306735413248	1436.015	1450.948	18.0504	1.21
1098.35	152.889	18.415604	 3052992324573062144	1098.35	152.887	18.2778	1.09
1497.378	1674.071	18.421695	 3052997375454937600	1497.378	1674.071	18.4509	1.31
237.229	18.164	18.425645	 3052945560969113600	237.186	18.234	17.924	1.43
1785.039	717.383	18.394743	 3052996379022319616	1785.059	717.386	17.5434	1.82
1324.417	769.687	18.426379	 3052993492804307968	1324.419	769.695	17.9579	1.33
157.89	173.334	18.44444	 3052945599632605184	157.89	173.334	18.2376	1.19
1255.174	529.304	18.453034	 3052993256588036096	1255.174	529.305	17.3966	2.03
324.606	1007.763	18.454911	 3052995245151014400	324.605	1007.763	18.0645	1.37
386.302	1812.229	18.416297	 3052995760547255296	386.331	1812.244	17.8215	1.51
854.972	262.913	18.458872	 3052992393292566528	854.957	262.895	18.2006	1.2
613.351	574.838	18.418953	 3052992874330158592	613.396	574.86	18.1258	1.23
1622.177	651.717	18.41066	 3052993424084804096	1622.193	651.704	18.0194	1.24
321.881	1109.905	18.463307	 3052995249445738496	321.881	1109.906	18.4233	1.32
1346.227	594.708	18.465011	 3052993458444529152	1346.228	594.709	18.3087	1.33
1882.322	1756.729	18.540441	 3052998028291451392	1882.263	1756.736	17.7139	1.63
1279.541	19.404	18.479282	 3052992294515390464	1279.541	19.404	18.1874	1.19
1666.595	867.054	18.475669	 3052996486403441664	1666.591	867.054	18.167	1.15
1555.698	1291.138	18.480841	 3052996963137996288	1555.698	1291.138	18.0343	1.32
1132.834	1694.558	18.482759	 3052998612405518848	1132.815	1694.571	18.1074	1.27
633.226	1722.125	18.48221	 3052998685426601984	633.271	1722.137	18.2542	1.19
1485.334	1688.212	18.509911	 3052997375454937600	1485.335	1688.212	18.1272	1.25
954.619	77.578	18.483677	 3052992255853566976	954.666	77.605	17.9732	1.45
434.865	378.737	18.523937	 3052992599452781056	434.865	378.737	18.2602	1.38
64.957	1327.15	18.53675	 3052995382590034944	64.957	1327.149	18.2204	1.25
1081.644	197.315	18.501222	 3052992328875110912	1081.61	197.3	17.7773	1.74
1207.392	1789.34	18.545828	 3052998818563965952	1207.392	1789.34	18.0677	1.29
1567.506	1299.809	18.554247	 3052996963137996288	1567.502	1299.814	18.1436	1.3
1301.289	1410.688	18.554754	 3052997100576974848	1301.289	1410.688	17.755	1.6
1539.977	1112.777	18.558446	 3052996894418483712	1539.978	1112.777	18.1279	1.32
1355.583	282.319	18.493366	 3052993080487339008	1355.604	282.354	18.3044	1.34
1096.699	430.124	18.564737	 3052993183566587904	1096.699	430.124	18.1023	1.27
1680.784	513.835	18.57271	 3052993424084772864	1680.784	513.835	18.2392	1.33
981.307	1573.151	18.549508	 3052998543686021632	981.315	1573.164	18.2099	1.26
1606.696	1067.862	18.572449	 3052996585180827648	1606.715	1067.841	18.1713	1.29
668.916	1127.609	18.573135	 3052993836401770496	668.916	1127.608	18.0093	1.44
480.4	1847.277	18.579215	 3052998715484763136	480.4	1847.276	17.7821	1.69
1312.562	932.608	18.577344	 3052993939480943616	1312.561	932.605	18.3014	1.24
1810.53	352.409	18.58238	 3052987445490262016	1810.53	352.409	18.3344	1.26
1360.271	75.953	18.5883	 3052992290213306368	1360.271	75.953	18.2497	1.2
1787.379	1587.999	18.589435	 3052997272375704064	1787.379	1587.999	18.065	1.53
535.347	1435.901	18.591165	 3052995558690425344	535.347	1435.902	18.1693	1.31
320.279	701.389	18.589766	 3052992912990602240	320.279	701.389	18.2919	1.3
1151.853	1657.379	18.594879	 3052997134936762880	1151.853	1657.378	18.0964	1.28
1836.888	1755.795	18.597348	 3052998032582073344	1836.888	1755.795	18.2408	1.22
1759.289	1693.154	18.618792	 3052998028289968128	1759.288	1693.155	18.4327	1.02
1700.938	1011.629	18.619089	 3052996585180814336	1700.938	1011.629	18.0103	1.79
1534.752	337.454	18.609884	 3052993114847089664	1534.765	337.525	18.2939	1.33
1738.774	92.189	18.598564	 3052987239331770880	1738.813	92.229	18.3331	1.22
1060.228	1582.202	18.630103	 3052997134936747520	1060.228	1582.202	18.1331	1.34
713.508	933.922	18.645996	 3052993802041988096	713.535	933.963	18.2445	1.47
734.717	807.028	18.641234	 3052993630243269632	734.703	806.991	18.2729	1.34
899.636	179.891	18.654103	 3052992358932805120	899.636	179.891	18.3684	1.37
1262.205	593.283	18.646006	 3052993252286097408	1262.225	593.306	18.3538	1.23
27.924	1403.275	18.6648	 3052995382591600128	27.924	1403.275	18.3338	1.15
292.25	1870.198	18.66602	 3052995760547267584	292.25	1870.198	18.3923	1.3
93.083	1155.142	18.669827	 3052994523596541952	93.083	1155.142	18.4231	1.25
793.896	1380.569	18.659074	 3052995588748478464	793.912	1380.519	18.0745	1.39
87.16	1195.025	18.688662	 3052994523596550144	87.158	1195.024	18.0289	1.5
652.789	1110.082	18.684508	 3052993836401764864	652.789	1110.082	18.2607	1.26
418.834	1772.164	18.68611	 3052995760547247616	418.834	1772.164	18.2566	1.29
1269.101	1578.053	18.689424	 3052997134936747520	1269.101	1578.054	18.1035	1.39
637.612	636.978	18.694006	 3052992874328983552	637.612	636.978	18.0044	1.57
1056.924	1468.364	18.696548	 3052997066217247232	1056.868	1468.39	18.1981	1.27
353.825	144.688	18.705071	 3052992496371750400	353.826	144.689	18.3265	1.46
1588.098	278.179	18.699716	 3052993119149108224	1588.099	278.183	18.0746	1.52
500.133	390.399	18.724356	 3052992771249715712	500.1	390.409	18.3828	1.31
1311.88	745.972	18.70481	 3052993492804301824	1311.88	745.97	18.0901	1.44
203.374	1424.855	18.718941	 3052995455604080128	203.375	1424.855	18.7906	1.32
1785.707	743.623	18.669698	 3052996383324237824	1785.689	743.639	18.4415	1.27
1516.134	856.153	18.72625	 3052993565825675776	1516.133	856.153	18.4239	1.29
1622.107	511.12	18.725625	 3052993355365296128	1622.107	511.12	18.3637	1.25
742.764	61.12	18.726631	 3052992152774354944	742.764	61.12	18.2389	1.49
41.329	1433.932	18.717795	 3052995382590071808	41.319	1433.922	18.2346	1.24
1839.23	1675.77	18.7412	 3052998028289964032	1839.231	1675.77	18.4492	1.26
688.125	829.106	18.72626	 3052993733322488320	688.178	829.109	18.4281	1.23
1322.893	1847.061	18.707868	 3052998887283460096	1322.87	1847.021	18.2031	1.33
1713.353	1462.036	18.748235	 3052997272375677952	1713.353	1462.036	18.4243	1.29
1197.713	142.072	18.749949	 3052992324573060608	1197.713	142.072	18.5809	1.36
1490.026	358.786	18.787008	 3052993149206832128	1490.062	358.73	18.4274	1.33
1797.698	715.532	18.761331	 3052996383324239360	1797.698	715.531	18.1992	1.71
1579.25	98.235	18.697906	 3052987170612295680	1579.333	98.326	18.4938	1.29
343.963	662.229	18.778156	 3052992908688727552	343.963	662.229	18.4738	1.31
489.062	1109.723	18.774415	 3052993836401764864	489.051	1109.684	18.3863	1.35
676.059	1535.927	18.774661	 3052995623108249600	676.056	1535.926	18.0751	1.62
625.129	1785.362	18.755167	 3052998681125011968	625.131	1785.377	18.3731	1.28
1410.761	580.842	18.777062	 3052993458444525568	1410.758	580.843	18.3713	1.27
633.605	1444.989	18.781691	 3052995588748492288	633.605	1444.989	18.4193	1.4
1517.737	312.994	18.790496	 3052993114847085056	1517.737	312.993	18.3927	1.38
192.708	1653.501	18.79961	 3052995691827747840	192.737	1653.466	18.4652	1.16
983.235	1723.203	18.803593	 3052998612405525504	983.235	1723.203	17.7783	1.87
636.991	1205.072	18.806499	 3052994042560216576	636.991	1205.072	18.3211	1.35
625.539	1643.674	18.773072	 3052995623108273664	625.506	1643.651	18.5036	1.1
917.466	867.689	18.801547	 3052993698962759168	917.497	867.656	18.5898	1.25
814.185	1256.923	18.726777	 3052994042560226304	814.239	1256.954	18.5466	1.22
80.107	1134.752	18.828982	 3052994523596539392	80.103	1134.706	18.5456	1.18
1123.025	1456.114	18.796605	 3052997066217244672	1122.97	1456.115	18.4271	1.27
932.013	269.359	18.80574	 3052992427652305920	932.071	269.291	18.5361	1.31
1782.686	1083.895	18.839425	 3052996585180832256	1782.686	1083.895	18.4852	1.23
37.685	1316.31	18.818481	 3052995382590032896	37.661	1316.377	18.323	1.39
178.415	1110.976	18.851288	 3052994523599405568	178.413	1110.975	18.3982	1.33
148.159	296.335	18.851902	 3052992535033496576	148.159	296.336	18.3708	1.47
1697.486	88.511	18.852258	 3052987243633863680	1697.502	88.437	18.3292	1.52
1786.955	606.651	18.862092	 3052993424084794368	1786.955	606.652	18.5637	1.23
1122.079	1759.243	18.855101	 3052998818563961344	1122.088	1759.288	18.1875	1.46
293.062	1114.419	18.877571	 3052995245151038976	293.06	1114.42	18.5345	1.31
978.261	762.493	18.878601	 3052993664602997760	978.261	762.493	18.646	1.34
1723.852	111.148	18.837559	 3052987239331776000	1723.786	111.105	18.6248	1.55
1494.072	578.779	18.850043	 3052993462746473472	1494.154	578.761	18.3778	1.42
1119.574	1802.207	18.863548	 3052998818563969536	1119.611	1802.275	18.4233	1.5
232.146	191.086	18.86623	 3052992496371759104	232.139	191.107	18.5834	1.36
391.192	843.014	18.902794	 3052993016069812736	391.115	843.046	18.5082	1.3
1487.675	242.866	18.922436	 3052993114847068160	1487.676	242.864	18.4697	1.34
70.51	265.186	18.90915	 3052992530731517440	70.593	265.129	18.1816	1.8
865.399	1428.231	18.932677	 3052994111279739392	865.399	1428.231	18.5188	1.31
1282.121	468.954	18.922417	 3052993252286072832	1282.073	468.98	18.5767	1.38
1831.386	1001.591	18.943092	 3052996550821073920	1831.386	1001.591	18.6177	1.12
1862.843	1528.803	18.942897	 3052997242316928000	1862.844	1528.803	18.3295	1.52
225.838	1740.336	18.97401	 3052995691827764736	225.892	1740.325	18.4683	1.48
305.873	1597.744	18.966515	 3052995657468000256	305.867	1597.776	18.5867	1.25
1747.595	786.121	18.955585	 3052996482101550592	1747.596	786.12	18.6774	1.17
926.736	1514.847	18.938604	 3052998547987674624	926.706	1514.836	18.5548	1.47
1827.668	236.912	18.960634	 3052987445490235392	1827.649	236.905	18.6808	1.61
617.696	858.993	18.963517	 3052993733322495488	617.697	858.993	18.2264	1.83
77.822	1469.317	18.913657	 3052995451309541888	77.764	1469.332	18.3693	1.61
337.93	1588.082	18.976971	 3052995657467997184	337.931	1588.081	18.3642	1.6
1355.982	1273.314	18.983295	 3052996928778253312	1355.98	1273.314	18.5348	1.29
1004.108	1633.726	18.958986	 3052998612405507072	1004.076	1633.762	18.6034	1.22
320.383	932.243	18.996124	 3052993011768003072	320.382	932.244	18.6145	1.4
256.714	724.567	18.999264	 3052992943048480768	256.714	724.567	18.4315	1.72
26.339	257.195	18.989823	 3052945595328904192	26.394	257.2	18.5392	1.4
1216.583	1612.832	18.998446	 3052997134936754176	1216.579	1612.831	18.3347	1.61
1660.807	695.854	19.006222	 3052993424084814336	1660.807	695.854	18.8464	1.24
795.958	1142.779	19.005467	 3052994008200465408	795.959	1142.779	18.4992	1.49
1599.805	903.07	18.990029	 3052996516461348864	1599.782	903.146	18.5578	1.34
991.168	1333.877	19.008829	 3052994111279719424	991.168	1333.877	18.1334	1.74
409.95	1540.051	19.018203	 3052995657467987968	409.937	1540.0	18.7181	1.27
334.718	356.478	19.018718	 3052992599451015680	334.713	356.488	18.6708	1.38
727.12	725.712	19.028871	 3052993630243248640	727.158	725.746	18.0375	1.91
395.76	228.936	19.060292	 3052992569393249280	395.757	228.937	18.618	1.39
919.044	1883.496	19.036137	 3052998646765294592	919.075	1883.434	18.6585	1.25
1840.0	1885.359	19.087376	 3052998200088698368	1840.012	1885.355	18.6799	1.36
977.423	1538.797	19.062648	 3052998547987676160	977.392	1538.837	18.7151	1.29
586.43	1577.009	19.075507	 3052995623108257792	586.43	1577.009	18.5538	1.4
1115.097	350.957	19.076326	 3052993183566567936	1115.098	350.958	18.5336	1.54
871.141	1113.69	19.057398	 3052994008200458240	871.12	1113.669	18.6509	1.3
382.987	1399.02	19.096396	 3052995352531990016	382.985	1399.023	18.9723	1.29
540.144	670.388	19.119606	 3052992874328992768	540.121	670.374	18.7342	1.36
55.342	198.685	19.115199	 3052945595328888320	55.343	198.685	18.2802	1.86
708.558	1482.417	19.129099	 3052995588748499968	708.589	1482.454	18.5167	1.38
1554.457	1514.922	19.123347	 3052997203656211456	1554.458	1514.923	18.9154	1.32
553.951	261.163	19.137588	 3052992565091257344	553.951	261.162	18.7229	1.42
1100.45	1753.677	19.11483	 3052998818563960320	1100.407	1753.699	18.5233	1.3
224.233	1241.208	19.139841	 3052995279510802944	224.233	1241.205	17.9147	2.3
839.223	1864.971	19.142343	 3052998646765290496	839.223	1864.971	18.8171	1.33
375.667	90.826	19.167854	 3052992496371737600	375.678	90.766	18.7798	1.28
1586.176	1753.458	19.177149	 3052997375454952448	1586.189	1753.425	18.8921	1.39
1285.877	1127.476	19.159495	 3052996928778224640	1285.852	1127.539	18.4503	1.5
540.911	905.363	19.148973	 3052993733322504192	540.841	905.395	18.7729	1.26
735.16	428.304	19.11751	 3052992839969202688	735.185	428.359	18.7372	1.32
1280.547	290.504	19.155296	 3052993080487341056	1280.56	290.494	18.6609	1.45
1800.161	526.899	19.16585	 3052993389725037056	1800.162	526.898	18.6826	1.35
1801.883	1779.28	19.12992	 3052998131369202176	1801.921	1779.228	18.6489	1.3
1858.427	1359.028	19.172617	 3052997238015919104	1858.427	1359.028	18.7788	1.28
601.179	1845.99	19.173815	 3052998681125025280	601.179	1845.99	18.6372	1.39
1754.685	650.838	19.178213	 3052993424084804608	1754.625	650.821	18.9186	1.18
652.595	1745.651	19.195896	 3052998681125004800	652.596	1745.656	19.1969	1.43
1128.867	1234.643	19.153242	 3052994076919961600	1128.902	1234.691	18.802	1.28
1066.389	1280.192	19.147973	 3052994076919969792	1066.408	1280.252	18.8072	1.33
301.194	1703.716	19.211339	 3052995691827758080	301.167	1703.748	18.6799	1.57
1275.812	1460.019	19.201926	 3052997100576985088	1275.724	1460.049	18.7941	1.27
960.54	21.693	19.215974	 3052992255853555712	960.54	21.693	18.8986	1.33
1774.251	513.932	19.223952	 3052993389725034496	1774.257	513.922	18.5895	1.48
59.387	1143.258	19.216681	 3052994523596539392	59.387	1143.257	18.7964	1.17
235.534	815.487	19.209819	 3052992943048503296	235.561	815.428	18.5156	1.74
911.145	1583.588	19.225587	 3052998547980616704	911.145	1583.589	18.7843	1.22
265.635	632.457	19.198539	 3052992908688720384	265.605	632.541	18.0205	2.3
258.861	975.07	19.19969	 3052994489236762624	258.83	974.988	18.7711	1.49
1797.301	1795.949	19.237704	 3052998131369202688	1797.298	1795.945	19.0872	1.37
1528.857	1603.713	19.242002	 3052997306735443968	1528.859	1603.714	18.8093	1.43
177.672	503.588	19.253662	 3052992702530263040	177.672	503.588	18.9001	1.43
195.481	1774.596	19.258044	 3052995691827770880	195.427	1774.65	18.928	1.53
1061.292	575.907	19.274095	 3052993217926354944	1061.29	575.906	18.8553	1.42
201.406	164.526	19.278987	 3052992496372876288	201.402	164.525	19.0803	1.37
13.975	188.407	19.292593	 3052945595328885760	13.976	188.407	18.3711	1.75
1576.931	597.285	19.298542	 3052993355365314560	1576.93	597.289	18.9084	1.58
1654.283	487.114	19.300436	 3052993355365292544	1654.285	487.106	18.9306	1.34
939.525	588.201	19.307613	 3052993600178510336	939.516	588.189	19.2291	1.73
530.988	1610.941	19.315517	 3052995623108263936	530.99	1610.936	19.0702	1.3
798.457	847.827	19.284756	 3052993698962753536	798.366	847.788	19.0036	1.38
886.947	415.573	19.318048	 3052992466307170304	886.944	415.572	18.8865	1.47
798.128	151.779	19.319652	 3052992363235730944	798.133	151.776	19.0509	1.41
428.807	827.858	19.328702	 3052992977408243712	428.806	827.852	18.9163	1.42
1014.867	549.576	19.323286	 3052993222221406208	1014.855	549.574	19.1552	1.36
1617.437	1622.027	19.347459	 3052997379756593664	1617.435	1622.026	18.7893	1.47
561.283	1011.144	19.35476	 3052993767682267136	561.284	1011.143	18.6071	1.64
419.936	373.961	19.366203	 3052992599451021824	419.937	373.966	18.2454	1.91
319.889	75.075	19.379546	 3052992496371734528	319.895	75.129	18.8817	1.51
726.349	1388.63	19.375388	 3052995588748480512	726.352	1388.631	18.8431	1.64
394.7	288.982	19.391504	 3052992565091262464	394.7	288.982	18.9279	1.46
1273.123	538.701	19.394176	 3052993252286085632	1273.123	538.702	19.1498	1.38
989.093	730.775	19.393026	 3052993664602989568	989.092	730.743	19.0453	1.64
1170.515	847.816	19.404608	 3052993870761446400	1170.509	847.824	18.9968	1.44
1776.625	176.859	19.402481	 3052987239331789312	1776.623	176.857	18.8971	1.54
165.299	1111.902	19.408523	 3052994523596531712	165.3	1111.9	19.2504	1.36
60.955	758.617	19.190032	 3052992943048487424	60.981	758.672	19.0734	1.43
205.063	1825.122	19.447773	 3052996142805939200	205.161	1825.097	18.7271	1.39
1331.404	1429.048	19.429089	 3052997100576977920	1331.405	1429.048	19.3209	1.6
1435.948	1346.201	19.424214	 3052996997497745920	1435.948	1346.21	18.8692	1.35
982.664	36.204	19.432175	 3052992255853559296	982.711	36.255	19.0658	1.33
1654.697	887.037	19.44536	 3052996482101572096	1654.674	887.061	18.9611	1.39
994.987	1022.705	19.393175	 3052993909423027200	994.938	1022.635	18.5278	1.65
1041.936	159.104	19.441174	 3052992324573062656	1041.984	159.146	18.9712	1.71
1054.139	1705.763	19.437411	 3052998612405521408	1054.237	1705.749	19.2142	1.53
76.625	1307.319	19.472353	 3052995382590032896	76.621	1307.323	19.0475	1.37
1709.602	576.977	19.524673	 3052993424084788224	1709.627	576.96	18.9698	1.52
1064.904	1840.385	19.485799	 3052998852923716096	1064.904	1840.388	19.3688	1.45
997.79	753.878	19.482357	 3052993664602994688	997.79	753.88	19.5505	1.48
1433.75	361.896	19.489091	 3052993149206832640	1433.726	361.869	18.8253	1.48
1432.049	217.584	19.501552	 3052993046127583232	1432.034	217.542	19.0081	1.42
836.369	1619.011	19.489215	 3052998547980598784	836.37	1619.011	18.9322	1.44
1745.035	742.713	19.479307	 3052996379022332928	1745.038	742.71	18.8728	1.61
1554.984	849.538	19.49258	 3052993561523803648	1554.983	849.545	19.1349	1.18
1809.264	1564.852	19.49642	 3052997276667854848	1809.269	1564.846	19.2358	1.44
767.864	142.757	19.503694	 3052992363235730432	767.898	142.736	19.1642	1.31
940.128	1741.371	19.51569	 3052998651068636160	940.128	1741.37	18.5846	1.55
1871.654	1364.448	19.511227	 3052997242316936192	1871.615	1364.459	18.1038	2.49
1294.196	420.287	19.529489	 3052993252286061568	1294.198	420.287	19.3432	1.54
1874.357	443.169	19.534537	 3052993394027019776	1874.357	443.169	18.5296	1.98
250.944	324.566	19.512734	 3052992530731531264	250.876	324.533	19.0388	1.4
92.915	783.875	19.543145	 3052992947350326784	92.919	783.928	19.1375	1.88
952.52	558.105	19.539131	 3052993217926349824	952.572	558.104	19.4028	1.56
1602.77	763.95	19.594403	 3052993527164045312	1602.775	763.904	18.9698	1.43
723.953	1179.615	19.588325	 3052994042560210432	723.953	1179.615	19.0669	1.49
243.917	1046.202	19.582287	 3052994489236779008	243.907	1046.29	19.314	1.33
1488.751	419.326	19.629646	 3052993153502024192	1488.754	419.338	19.136	1.6
1074.223	1677.758	19.652169	 3052998612405514752	1074.274	1677.718	19.111	1.37
89.792	1044.456	19.647052	 3052994527894814208	89.793	1044.458	19.308	1.28
910.917	1201.571	19.665101	 3052994076919960576	910.914	1201.608	19.3397	1.23
1159.098	1702.295	19.682974	 3052998818563951616	1159.096	1702.271	19.2692	1.49
1677.64	1831.457	19.625883	 3052998131369209856	1677.58	1831.532	19.2686	1.28
957.777	359.883	19.694377	 3052992466314050560	957.778	359.882	19.5476	1.65
1552.888	1700.914	19.697756	 3052997375454939136	1552.887	1700.914	18.6348	1.93
1546.37	19.994	19.676108	 3052987170612278272	1546.397	20.008	19.7121	1.48
1849.979	1789.898	19.7345	 3052998028289985024	1849.987	1789.82	18.7319	1.64
510.354	30.741	19.781538	 3052992118414603264	510.309	30.785	19.7618	1.19
1315.891	601.725	19.754998	 3052993458444530176	1315.834	601.762	19.261	1.36
709.512	1468.01	19.735105	 3052995588751617536	709.497	1468.04	19.1955	1.42
97.088	1348.532	19.7398	 3052995382590039552	97.047	1348.503	19.2013	1.45
1313.759	1249.749	19.731736	 3052996933080004608	1313.759	1249.749	19.2868	1.53
554.521	1315.896	19.763644	 3052995520029903360	554.519	1315.903	19.1943	1.27
1513.881	1594.652	19.768862	 3052997311030128640	1513.881	1594.652	19.4128	1.66
34.219	16.853	19.758987	 3052945492249633792	34.258	16.863	19.3188	1.39
1230.097	1645.436	19.816831	 3052997341095188480	1230.091	1645.443	19.0856	1.45
1524.568	845.794	19.849943	 3052993565818809344	1524.566	845.795	19.411	1.5
425.377	1185.799	19.895993	 3052995313870530560	425.349	1185.764	19.3392	1.41
1213.095	123.538	19.899728	 3052992324573056512	1213.132	123.476	19.1966	1.45
556.742	332.446	19.952063	 3052992771249702912	556.754	332.459	19.0641	1.83
1380.523	1101.908	19.968004	 3052996898720275968	1380.498	1101.945	19.5055	1.28
852.094	1328.699	19.921655	 3052994111279717376	852.124	1328.626	19.1531	1.56
1045.401	124.656	19.984865	 3052992324573054976	1045.388	124.654	19.5744	1.67
479.032	1387.682	20.015009	 3052995554388740096	479.033	1387.701	19.7676	1.6
