FailedStar [1428.814        1787.212  106.27449853267   -5.53642608051]
FailedStar [58.643          1556.721  106.38363858890   -5.55493339281]
FailedStar [1235.395         479.120  106.28872971448   -5.64146526382]
FailedStar [1235.253         497.419  106.28875790927   -5.63999587884]
FailedStar [1235.387         534.804  106.28878165842   -5.63699391161]
FailedStar [1235.241         769.462  106.28900950925   -5.61815117820]
FailedStar [1235.413         927.035  106.28914094939   -5.60549826683]
FailedStar [1235.278         850.171  106.28908091224   -5.61167034859]
FailedStar [1235.338         806.246  106.28903565578   -5.61519746964]
FailedStar [1235.466         873.187  106.28908711070   -5.60982219227]
FailedStar [1235.325         847.297  106.28907451307   -5.61190112689]
FailedStar [1235.548         892.046  106.28909793998   -5.60830783825]
FailedStar [1235.230         984.760  106.28920873503   -5.60086302381]
FailedStar [1235.178         915.818  106.28914937252   -5.60639897875]
FailedStar [1235.495        1254.197  106.28943579253   -5.57922757602]
FailedStar [1235.337        1004.899  106.28921874763   -5.59924588727]
FailedStar [1235.613        1448.794  106.28960562859   -5.56360168879]
FailedStar [1235.527        1198.540  106.28938196808   -5.58369676147]
FailedStar [1235.378        1127.116  106.28932806450   -5.58943201794]
FailedStar [1235.370        1180.479  106.28937786114   -5.58514703737]
FailedStar [433.436         1614.118  106.35377886948   -5.55032669946]
FailedStar [1235.409        1030.015  106.28923613869   -5.59722910415]
FailedStar [1235.274        1423.420  106.28960931171   -5.56563918940]
FailedStar [1235.374        1333.161  106.28951818893   -5.57288686929]
FailedStar [1235.370        1272.352  106.28946249307   -5.57776975348]
FailedStar [1235.479        1288.900  106.28946903703   -5.57644096990]
FailedStar [1235.193        1631.063  106.28980703759   -5.54896573153]
FailedStar [1235.537        1394.147  106.28956135687   -5.56798977189]
FailedStar [1235.463        1469.432  106.28963661042   -5.56194448515]
FailedStar [1235.246        1649.179  106.28981949397   -5.54751104082]
FailedStar [1235.259        1620.594  106.28979212741   -5.54980637788]
FailedStar [1235.494        1465.931  106.28963091143   -5.56222561071]
FailedStar [1235.486        1746.722  106.28989018343   -5.53967846911]
FailedStar [1235.415        1737.773  106.28988760726   -5.54039706191]
FailedStar [1235.326        1716.747  106.28987534400   -5.54208542146]
FailedStar [1235.613        1825.897  106.28995297160   -5.53332082509]
FailedStar [1235.254        1806.441  106.28996370257   -5.53488311660]
FailedStar [1235.734        1883.539  106.28999640494   -5.52869225238]
