FailedStar [1848.553        1781.042  106.27463745564   -5.53690834807]
FailedStar [468.319         1540.768  106.38436663856   -5.55617072842]
FailedStar [1528.290         288.801  106.29877786648   -5.65654611739]
FailedStar [1655.046         423.293  106.28880241855   -5.64576307680]
FailedStar [1655.079         450.481  106.28882481388   -5.64358335716]
FailedStar [1654.997         477.451  106.28885617075   -5.64142111549]
FailedStar [1655.073         497.658  106.28886871443   -5.63980107702]
FailedStar [1654.996         518.307  106.28889385470   -5.63814560315]
FailedStar [1655.032         553.560  106.28892343339   -5.63531929485]
FailedStar [1655.023         547.801  106.28891884987   -5.63578100621]
FailedStar [1655.152         864.569  106.28920011254   -5.61038503448]
FailedStar [1655.286         931.023  106.28925059540   -5.60505727310]
FailedStar [1654.960        1029.143  106.28936686570   -5.59719078219]
FailedStar [1655.071         883.819  106.28922428175   -5.60884172079]
FailedStar [1655.023        1232.890  106.28954934497   -5.58085594539]
FailedStar [1654.986         972.929  106.28931306159   -5.60169757994]
FailedStar [1654.980         914.695  106.28925994700   -5.60636632560]
FailedStar [1655.153        1040.016  106.28936149621   -5.59631906937]
FailedStar [1655.099         988.643  106.28931852062   -5.60043775406]
FailedStar [1654.980        1016.438  106.28935358024   -5.59820936940]
FailedStar [1655.223         951.003  106.28927400207   -5.60345543362]
FailedStar [1655.129        1281.212  106.28958536741   -5.57698186630]
FailedStar [1655.111         958.980  106.28929026602   -5.60281590082]
FailedStar [1655.057        1260.024  106.28957160567   -5.57868055411]
FailedStar [1655.106        1456.162  106.28974818715   -5.56295575104]
FailedStar [1655.084        1428.566  106.28972454663   -5.56516818118]
FailedStar [1655.010        1257.757  106.28957326375   -5.57886230459]
FailedStar [1655.036        1186.284  106.28950542106   -5.58459244869]
FailedStar [1655.219        1721.426  106.28998326456   -5.54168897809]
FailedStar [1655.074        1487.084  106.28977918967   -5.56047666880]
FailedStar [1654.782        1141.668  106.28948459852   -5.58816941080]
FailedStar [1654.947        1445.075  106.28975065147   -5.56384462015]
FailedStar [1655.072        1482.964  106.28977555792   -5.56080697795]
FailedStar [1654.771        1401.211  106.28972430948   -5.56736129130]
FailedStar [1655.272        1716.317  106.28997434182   -5.54209857697]
FailedStar [1655.040        1642.854  106.28992522853   -5.54798825986]
FailedStar [1655.139        1704.054  106.28997365322   -5.54308172777]
FailedStar [1655.086        1751.164  106.29002122109   -5.53930482165]
FailedStar [1655.093        1752.571  106.29002195805   -5.53919201952]
FailedStar [1655.044        1815.304  106.29008358106   -5.53416258595]
FailedStar [1654.914        1797.178  106.29007725925   -5.53561578519]
