FailedStar [1195.431        1783.983  106.27449562989   -5.53617883319]
FailedStar [1002.146         379.613  106.28864147705   -5.64896150555]
FailedStar [1002.143         380.735  106.28864273273   -5.64887140048]
FailedStar [1002.134         445.864  106.28870244532   -5.64364104864]
FailedStar [1002.132         444.310  106.28870119726   -5.64376584663]
FailedStar [1002.143         470.062  106.28872364583   -5.64169776578]
FailedStar [1002.251         521.405  106.28876153552   -5.63757453287]
FailedStar [1002.265         537.050  106.28877458957   -5.63631812055]
FailedStar [1874.980          61.277  106.21871360539   -5.67451777985]
FailedStar [1002.178         777.402  106.28899922941   -5.61701602742]
FailedStar [1002.333         792.204  106.28900027033   -5.61582731334]
FailedStar [1002.161         776.326  106.28899961108   -5.61710243850]
FailedStar [1002.218         875.511  106.28908489648   -5.60913712711]
FailedStar [1001.909         850.796  106.28908716319   -5.61112193142]
FailedStar [1002.011         830.341  106.28906049979   -5.61276462328]
FailedStar [1002.064         960.922  106.28917453749   -5.60227797361]
FailedStar [1002.056         964.548  106.28917845967   -5.60198677821]
FailedStar [1002.241         922.488  106.28912560827   -5.60536451589]
FailedStar [1002.173         893.781  106.28910503346   -5.60766990710]
FailedStar [1002.134         992.272  106.28919734596   -5.59976032933]
FailedStar [1001.952         978.275  106.28919918847   -5.60088439599]
FailedStar [1002.014        1157.851  106.28935687474   -5.58646307452]
FailedStar [1002.045        1129.793  106.28932899165   -5.58871634550]
FailedStar [1002.240        1036.893  106.28922930132   -5.59617692244]
FailedStar [1002.171        1030.448  106.28922896883   -5.59669450539]
FailedStar [1001.992        1151.375  106.28935276494   -5.58698314675]
FailedStar [1002.320        1282.187  106.28944506419   -5.57647794582]
FailedStar [200.193         1611.015  106.35372741175   -5.55007087576]
FailedStar [1002.063        1423.239  106.28959329896   -5.56515039961]
FailedStar [1002.059        1477.718  106.28964295159   -5.56077532266]
FailedStar [1001.482        1591.062  106.28979161469   -5.55167294392]
FailedStar [1001.924        1706.422  106.28986081544   -5.54240866293]
FailedStar [1002.032        1445.316  106.28961576380   -5.56337744913]
FailedStar [1002.121        1460.024  106.28962198309   -5.56219628474]
FailedStar [1002.279        1872.714  106.28998307032   -5.52905416378]
