FailedStar [987.323         1788.470  106.27448307097   -5.53602510874]
FailedStar [794.254          379.540  106.28862402872   -5.64907696083]
FailedStar [794.219          438.847  106.28867989905   -5.64431824388]
FailedStar [794.186          449.192  106.28869179038   -5.64348817453]
FailedStar [794.177          472.681  106.28871353001   -5.64160344733]
FailedStar [794.217          492.601  106.28872816587   -5.64000509180]
FailedStar [794.152          510.736  106.28874958182   -5.63854996286]
FailedStar [794.231          525.451  106.28875644768   -5.63736924961]
FailedStar [794.164          537.303  106.28877240016   -5.63641826052]
FailedStar [793.887          569.637  106.28882343761   -5.63382382272]
FailedStar [793.720          571.095  106.28883806671   -5.63370683546]
FailedStar [794.278          831.441  106.28902652824   -5.61281699595]
FailedStar [794.141          767.980  106.28898066929   -5.61790902822]
FailedStar [794.188          927.965  106.28912008323   -5.60507203050]
FailedStar [794.161          776.074  106.28898631673   -5.61725957566]
FailedStar [794.184          986.810  106.28917305867   -5.60035038072]
FailedStar [794.264          806.497  106.28900532368   -5.61481847154]
FailedStar [794.063          820.812  106.28903417018   -5.61366985472]
FailedStar [794.330          866.698  106.28905392955   -5.60998801784]
FailedStar [794.316          863.914  106.28905255523   -5.61021140261]
FailedStar [794.211          855.073  106.28905302104   -5.61092079397]
FailedStar [793.998          969.162  106.28917210622   -5.60176643524]
FailedStar [794.180         1143.638  106.28931370814   -5.58776669680]
FailedStar [794.191          909.187  106.28910304057   -5.60657875390]
FailedStar [794.250          995.073  106.28917518700   -5.59968736753]
FailedStar [794.151          950.160  106.28914289603   -5.60329113141]
FailedStar [794.252         1241.043  106.28939511941   -5.57995104082]
FailedStar [794.156         1179.485  106.28934769804   -5.58489037830]
FailedStar [794.196         1037.654  106.28921759738   -5.59627072118]
FailedStar [794.206         1171.219  106.28933631284   -5.58555363160]
FailedStar [794.194         1138.388  106.28930789360   -5.58818795020]
FailedStar [794.151         1418.962  106.28956236810   -5.56567504504]
FailedStar [794.146         1270.582  106.28943000620   -5.57758086897]
FailedStar [794.206         1289.801  106.28944241572   -5.57603876025]
FailedStar [794.254         1394.976  106.28953269030   -5.56759965074]
FailedStar [794.256         1257.534  106.28940955578   -5.57862782361]
FailedStar [794.083         1281.944  106.28944519841   -5.57666919665]
FailedStar [794.194         1421.497  106.28956120580   -5.56547163966]
FailedStar [794.177         1483.685  106.28961820216   -5.56048175400]
FailedStar [794.225         1161.606  106.28932619551   -5.58632496665]
FailedStar [793.986         1648.294  106.28978071163   -5.54727374203]
FailedStar [794.082         1734.139  106.28984985444   -5.54038565220]
FailedStar [794.376         1708.262  106.28980325031   -5.54246198695]
FailedStar [794.153         1609.477  106.28973266107   -5.55038836656]
FailedStar [794.347         1812.554  106.28989886703   -5.53409373652]
FailedStar [794.041         1630.875  106.28976073992   -5.54867141951]
FailedStar [794.344         1808.486  106.28989546702   -5.53442014736]
FailedStar [794.169         1798.937  106.28990088449   -5.53518634705]
