FailedStar [932.486          888.538  106.51163050873   -5.60801423808]
FailedStar [982.305          890.511  106.50766069059   -5.60785593628]
FailedStar [968.630          889.307  106.50874969526   -5.60795253198]
FailedStar [1086.612         902.389  106.49935703476   -5.60690293216]
FailedStar [879.887          880.045  106.51581523035   -5.60869555216]
FailedStar [821.837          873.024  106.52043606788   -5.60925874648]
FailedStar [885.971          880.473  106.51533062035   -5.60866121933]
FailedStar [1033.745         896.844  106.50356615127   -5.60734784281]
FailedStar [882.272          880.176  106.51562521949   -5.60868504394]
FailedStar [1105.531         904.606  106.49785100165   -5.60672504446]
FailedStar [1036.413         897.414  106.50335403302   -5.60730211331]
FailedStar [894.669          881.242  106.51463795936   -5.60859953124]
FailedStar [812.857          872.181  106.52115113656   -5.60932636381]
FailedStar [1098.075         903.833  106.49844463526   -5.60678707065]
FailedStar [111.000          792.915  106.57702610330   -5.61568176981]
FailedStar [1252.235         921.361  106.48617231677   -5.60538051828]
FailedStar [1277.653         925.781  106.48415044226   -5.60502584496]
FailedStar [1249.510         920.737  106.48638892128   -5.60543058608]
FailedStar [1273.653         925.266  106.48446880938   -5.60506717446]
FailedStar [112.491          793.030  106.57690734860   -5.61567255723]
FailedStar [729.622          861.182  106.52777578076   -5.61020858960]
FailedStar [1233.170         918.043  106.48768884079   -5.60564675939]
FailedStar [1275.785         925.487  106.48429906420   -5.60504943726]
FailedStar [1121.945         906.654  106.49654450700   -5.60656071601]
FailedStar [120.923          793.494  106.57623556837   -5.61563540678]
FailedStar [712.909          859.450  106.52910645635   -5.61034749836]
FailedStar [717.057          859.752  106.52877606399   -5.61032328032]
FailedStar [1212.771         916.134  106.48931318089   -5.60579996990]
FailedStar [1260.529         922.861  106.48551263025   -5.60526015606]
FailedStar [162.788          799.104  106.57290356114   -5.61518571395]
FailedStar [130.995          794.286  106.57543337260   -5.61557195689]
FailedStar [337.953          818.824  106.55895849300   -5.61360500194]
FailedStar [636.613          852.513  106.53518208950   -5.61090379806]
FailedStar [207.919          805.149  106.56931161773   -5.61470113085]
FailedStar [245.704          808.037  106.56630211118   -5.61446973085]
FailedStar [228.252          806.695  106.56769212268   -5.61457726083]
FailedStar [142.491          795.719  106.57451830326   -5.61545709610]
FailedStar [623.709          851.019  106.53620933652   -5.61102360928]
FailedStar [357.510          821.330  106.55740185682   -5.61340408673]
FailedStar [450.257          831.123  106.55001753732   -5.61261898856]
FailedStar [202.985          804.839  106.56970467087   -5.61472596189]
FailedStar [648.359          853.789  106.53424694108   -5.61080146995]
FailedStar [251.211          808.602  106.56586363670   -5.61442444527]
FailedStar [658.460          854.372  106.53344222815   -5.61075472898]
FailedStar [358.859          821.549  106.55729453084   -5.61338652636]
FailedStar [488.082          836.316  106.54700723015   -5.61220258082]
FailedStar [100.665          791.575  106.57784870594   -5.61578917628]
FailedStar [484.448          836.118  106.54729675190   -5.61221844800]
FailedStar [440.695          830.405  106.55077914255   -5.61267653939]
FailedStar [481.292          835.746  106.54754798546   -5.61224827568]
FailedStar [512.592          838.650  106.54505553996   -5.61201545322]
FailedStar [504.899          837.599  106.54566779283   -5.61209973219]
FailedStar [508.826          838.218  106.54535534463   -5.61205009248]
FailedStar [485.651          836.123  106.54720084627   -5.61221805239]
FailedStar [388.609          826.354  106.55492760708   -5.61300123667]
FailedStar [372.566          824.493  106.55620474556   -5.61315043636]
FailedStar [346.308          819.702  106.55829328017   -5.61353461906]
FailedStar [507.353          838.012  106.54547256949   -5.61206661162]
FailedStar [466.306          833.829  106.54874079228   -5.61240198882]
FailedStar [217.053          805.694  106.56858395394   -5.61465747906]
FailedStar [378.031          825.489  106.55577006418   -5.61307056780]
FailedStar [460.102          832.687  106.54923423988   -5.61249357126]
FailedStar [520.398          839.466  106.54443403631   -5.61195002600]
FailedStar [1836.115          91.118  106.43875571427   -5.67197908862]
