FailedStar [1405.945        1783.793  106.27448843400   -5.53639919534]
FailedStar [1212.560         380.838  106.28864922036   -5.64904528132]
FailedStar [1212.566         446.556  106.28870825417   -5.64376870342]
FailedStar [1212.546         475.285  106.28873586631   -5.64146201706]
FailedStar [1212.504         508.656  106.28876943760   -5.63878261880]
FailedStar [1212.608         521.324  106.28877260905   -5.63776548901]
FailedStar [1212.594         544.066  106.28879432032   -5.63593950590]
FailedStar [1212.611         558.320  106.28880587119   -5.63479503458]
FailedStar [1212.573         783.839  106.28901311414   -5.61668783314]
FailedStar [1212.696         771.354  106.28899199307   -5.61769026887]
FailedStar [1212.564        1000.358  106.28920988110   -5.59930324983]
FailedStar [1212.578         925.393  106.28914088756   -5.60532228420]
FailedStar [1212.596         936.247  106.28914927882   -5.60445080276]
FailedStar [1212.681         911.354  106.28911995612   -5.60644949272]
FailedStar [1212.728         882.376  106.28908996698   -5.60877617265]
FailedStar [1212.637         971.693  106.28917810119   -5.60160479850]
FailedStar [1212.496        1039.470  106.28925072067   -5.59616289834]
FailedStar [1212.453        1482.930  106.28965564500   -5.56055694242]
FailedStar [1212.634        1404.465  106.28957016562   -5.56685699271]
FailedStar [1212.472        1233.870  106.28942864480   -5.58055427804]
FailedStar [1212.550        1268.250  106.28945354691   -5.57779386450]
FailedStar [1212.840        1194.810  106.28936391410   -5.58369045263]
FailedStar [1212.601        1707.484  106.28984711979   -5.54252723146]
FailedStar [1212.570        1481.434  106.28964495432   -5.56067705754]
FailedStar [1212.606        1427.250  106.28959302786   -5.56502755714]
FailedStar [1212.561        1498.475  106.28966109986   -5.55930881490]
FailedStar [1212.697        1288.166  106.28945984751   -5.57619478332]
FailedStar [1212.620        1712.563  106.28985020147   -5.54211943249]
FailedStar [1212.700        1423.311  106.28958196074   -5.56534382385]
FailedStar [1212.550        1725.458  106.28986746035   -5.54108407812]
FailedStar [1212.401        1258.786  106.28945686876   -5.57855374159]
FailedStar [1212.672        1392.538  106.28955633537   -5.56781462607]
FailedStar [1212.638        1628.916  106.28977304251   -5.54883554920]
FailedStar [1212.773        1604.332  106.28974001466   -5.55080942735]
FailedStar [410.406         1610.920  106.35377190401   -5.55028077908]
FailedStar [1213.011        1754.700  106.28985714620   -5.53873620159]
FailedStar [1212.454        1868.836  106.29000491086   -5.52957209333]
