229.006042700  -15.663416200  372-069636      -9.6      -3.7  13.310
229.028711200  -15.725925900  372-069637      -0.7      -6.3  99.999
229.031407100  -15.628442000  372-069638       0.0       0.0  99.999
229.035879200  -15.711775600  372-069640     -21.2     -24.7  16.621
229.037237400  -15.704419800  372-069641      -0.7      -8.7  99.999
229.038612400  -15.625058100  372-069642      -7.6      -1.8  14.389
229.039294800  -15.719659200  372-069643     -23.8       5.7  99.999
229.040000000  -15.763398900  372-069644     -10.5      -4.5  15.031
229.051208300  -15.781802300  372-069646      -6.0      -4.9  15.420
229.051702700  -15.719593400  372-069647      -8.3     -23.0  99.999
229.056304200  -15.637438700  372-069648       1.1       0.6  99.999
229.056342400  -15.618962800  372-069649      72.1    -201.4  99.999
229.060122400  -15.749571700  372-069650     -29.2     -12.8  99.999
229.063551800  -15.775582000  372-069651     -12.5      -4.5  11.580
229.069217400  -15.743989800  372-069652      -2.8      -4.3  14.854
229.070906800  -15.742359200  372-069653      21.8      23.2  14.854
229.074008600  -15.733523900  372-069654     -14.9      -4.1  14.305
229.075412700  -15.658942000  372-069655      -4.4      -2.0  99.999
229.076408900  -15.767808400  372-069656      -4.6      -5.0  99.999
229.076792400  -15.669959800  372-069657     -47.9      -1.2  99.999
229.082290000  -15.669593100  372-069659     -44.3       3.5  16.188
229.085259200  -15.708160300  372-069660     -17.8      -2.7  15.339
229.086734800  -15.781785600  372-069661      -2.4      -0.5  16.908
229.089067400  -15.774082800  372-069662     -22.5     -39.4  13.907
229.089598300  -15.761867300  372-069663      -1.3       1.7  14.055
229.094056800  -15.731781200  372-069664      -7.7      10.5  16.837
229.094680900  -15.749448100  372-069665      -9.4     -19.1  16.036
229.099438900  -15.631977500  372-069666       2.0       7.2  15.796
229.107954800  -15.605550300  372-069668     -13.5      -4.6  99.999
229.108997400  -15.609157800  372-069669       9.5     -12.6  99.999
229.121659800  -15.613684200  372-069670      -5.8      -5.2  99.999
229.122506500  -15.692038700  372-069672       9.5      -0.2  15.213
229.123464800  -15.640636400  372-069673     -10.3      -5.9  99.999
229.125568900  -15.780343100  372-069674     -13.0       1.8  16.967
229.137065600  -15.620153100  372-069676     -14.3       4.2  12.753
229.139270600  -15.620515300  372-069677  999999.9  999999.9  99.999
229.144989200  -15.627175000  372-069679     -29.9     -36.0  15.991
229.149600900  -15.607039500  372-069680      -3.8      -6.6  99.999
229.150969800  -15.669281200  372-069681      -8.3      -9.6  99.999
229.165561500  -15.760048900  372-069683       0.2       1.0  16.761
229.167837400  -15.727017300  372-069684     -13.2     -27.4  15.297
229.169501800  -15.735669800  372-069685     -19.6      -1.7  99.999
229.177183900  -15.771794800  372-069686       2.1      -9.7  16.573
229.182387400  -15.650622500  372-069687     -12.2      -2.7  16.180
229.183213000  -15.699829200  372-069688      -1.0      -4.6  99.999
229.189072700  -15.725907300  372-069689      -7.3     -21.6  11.028
229.189852100  -15.765474200  372-069690     -15.1      -7.7  16.475
229.193023000  -15.741277300  372-069691     -12.0      -7.1  15.241
229.193357400  -15.702198900  372-069692       0.0       0.0  99.999
229.195822400  -15.604520000  372-069693     -14.3     -29.5  16.602
229.203174200  -15.654203900  372-069694      -1.7     -18.8  15.470
229.203643600  -15.685847500  372-069695       2.5      -0.7  12.158
229.219855600  -15.759028900  372-069696      -8.9      10.6  99.999
229.236406200  -15.771739500  372-069697     -43.8      -3.5  13.577
229.239220000  -15.648607500  372-069698      -1.6       5.6  15.649
229.239954200  -15.672946200  372-069699     -14.0      -5.1  16.195
229.241785300  -15.713614200  372-069700      -3.1      -2.5  15.177
229.242737100  -15.693697000  372-069701      -6.1      -3.4  15.092
229.245183300  -15.624102300  372-069702     -18.3      -2.3  99.999
229.247520900  -15.626989500  372-069703      -1.7      -5.2  99.999
229.247961800  -15.714760600  372-069704      -1.0      -8.0  16.619
229.260765600  -15.661469500  372-069706      -8.7      -6.0  99.999
229.262220600  -15.639057000  372-069707     -27.4       3.0  11.858
229.263688000  -15.656676200  372-069708       0.0       0.0  99.999
229.273173600  -15.727112300  372-069709     -11.1      -3.8  14.827
229.276528300  -15.666904200  372-069710     -16.8       2.7  15.975
229.281630300  -15.621673900  372-069711     -10.7      -2.6  16.250
229.282070300  -15.639117800  372-069712      -3.9       4.6  12.170
229.282133000  -15.710365000  372-069713       4.7      -9.1  14.794
229.286534200  -15.642653100  372-069714      -7.6     -22.2  99.999
229.291697400  -15.735813100  372-069715     -13.1      -1.0  14.307
229.299453600  -15.690631200  372-069716      -4.3     -10.9  16.729
229.301946800  -15.731704500  372-069717     -17.9     -11.2  99.999
229.303747100  -15.771468900  372-069718     -13.7      -1.8  16.954
229.308082400  -15.600882500  372-069719      -6.6      -8.7  16.304
229.314377400  -15.644150300  372-069720      -2.0       0.1  15.540
229.316182400  -15.730039800  372-069721       1.0      -5.1  16.378
229.319032700  -15.646342500  372-069722      -2.9      -3.6  99.999
229.319593900  -15.605195900  372-069723      -8.1       4.0  17.246
229.324718900  -15.663130600  372-069724      -4.8      -4.9  13.722
228.997005300  -15.453070600  373-071993     -53.4     -22.1  13.292
228.999911200  -15.484224200  373-071995     -15.0      -1.1  15.967
229.004410900  -15.524347500  373-071997     -44.9     -13.1  12.179
229.005470900  -15.479655300  373-071998      -6.0      -2.3  99.999
229.006250300  -15.545044800  373-071999     114.2     -28.8  99.999
229.010819800  -15.533488700  373-072000     -11.4      22.6  99.999
229.015042400  -15.456707800  373-072002      -9.6     -16.3  16.575
229.016338600  -15.532958400  373-072003     -35.7       9.7  15.256
229.024039200  -15.545527300  373-072004       3.6      -2.2  15.483
229.032065300  -15.491742300  373-072007      -4.1      -2.6  16.325
229.034515600  -15.561854500  373-072008      12.8     -28.7  16.856
229.037129200  -15.579788700  373-072009      -4.7      -8.1  17.053
229.044343600  -15.486822800  373-072011     -16.2       1.8  15.081
229.051348000  -15.515728900  373-072012     -22.5     -33.5  11.277
229.056094800  -15.559271700  373-072013      -2.1       2.3  99.999
229.059514200  -15.511500600  373-072014     -16.5      -7.1  13.749
229.061525000  -15.514065600  373-072015       7.1      -3.7  99.999
229.071965300  -15.499860600  373-072016      -2.9      -2.4  99.999
229.075932100  -15.539805300  373-072017      -3.2     -15.5  11.678
229.093111500  -15.501771700  373-072019       5.9     -14.8  99.999
229.098764800  -15.583859500  373-072020     -16.5      -4.3  12.922
229.100840600  -15.471276400  373-072021     -11.1      -4.5  99.999
229.102197100  -15.597790600  373-072022      -8.7      10.2  99.999
229.105983900  -15.477051200  373-072023      -2.9      -0.4  15.393
229.115300300  -15.467466400  373-072024       5.9      -4.9  15.756
229.116153600  -15.544439500  373-072025      23.9       7.2  99.999
229.116693000  -15.586509200  373-072026      -9.8      -4.5  10.689
229.122595600  -15.513726200  373-072029     -33.1      -1.0  17.509
229.128482400  -15.522180300  373-072031     -10.3      15.4  99.999
229.137755600  -15.596265300  373-072032       1.3      -2.5  99.999
229.141831800  -15.597837000  373-072034     -16.8      -7.2  99.999
229.146475900  -15.553313700  373-072035     -10.8     -11.5  99.999
229.153915300  -15.501608400  373-072036       7.1       2.1  99.999
229.165492400  -15.494268700  373-072040      -2.6      -3.9  99.999
229.166540600  -15.537120900  373-072041      -4.4      -6.6  16.083
229.173648900  -15.481289800  373-072043     -11.0      -6.2  16.502
229.175081500  -15.507727000  373-072044      -6.5      -9.5  16.599
229.177285600  -15.519868700  373-072045      -2.0       2.6  15.058
229.177656800  -15.562743400  373-072046      -7.0      12.3  17.121
229.180132400  -15.574575000  373-072049       1.7      -0.4  15.527
229.192703300  -15.534197800  373-072050      -7.4       5.9  16.824
229.196477400  -15.494612800  373-072053       0.0       0.0  17.485
229.206337700  -15.516505600  373-072054      -4.2       0.7  99.999
229.224902700  -15.590718700  373-072055     -21.4      -9.6  14.930
229.238693600  -15.575325000  373-072056       0.0       0.0  15.697
229.240133000  -15.512946400  373-072057       0.9       6.7  16.909
229.241464800  -15.561013700  373-072058     -14.0      -2.2  99.999
229.248598600  -15.582930300  373-072059      12.9      20.9  99.999
229.250661500  -15.487523400  373-072060      -0.8      -1.6  15.892
229.253702100  -15.550353100  373-072061     -15.1       7.7  16.767
229.254036800  -15.575770600  373-072062      -1.9       5.9  99.999
229.256551500  -15.577376700  373-072063       3.6       0.2  10.147
229.256803900  -15.494891700  373-072064      -3.3     -13.8  12.727
229.272451200  -15.561805900  373-072065      -5.4      -2.2  16.294
229.280376800  -15.459091200  373-072066      -5.8      -8.7  99.999
229.284167400  -15.462604200  373-072067      -7.0     -19.0  14.698
229.300336200  -15.481232800  373-072069      -4.7      -1.2  99.999
229.305507400  -15.491735300  373-072070     -28.3      -9.1  17.273
229.307986200  -15.468205900  373-072071       5.5      -7.1  14.410
229.313788000  -15.537886700  373-072074     -21.0      -6.8  16.628
229.315189800  -15.482482500  373-072075       0.0       0.0  99.999
229.321790300  -15.563341400  373-072077     -10.0      -2.0  15.864
229.324852400  -15.451014200  373-072078     -16.2      -3.7  17.031
229.332069500  -15.513286400  373-072079     -15.2      -1.5  15.573
229.340404500  -15.451550300  373-072081       4.7      -6.7  14.079
229.341266500  -15.549827000  373-072082     -15.0      -4.8  17.086