228.651312700  -16.064962300  370-070514      -3.8       2.9  16.017
228.668656200  -16.057272300  370-070516       2.1     -22.6  15.924
228.669383600  -16.007325300  370-070517     -20.5       5.9  15.798
228.675819800  -16.055255600  370-070518     -13.7      -5.9  14.720
228.678215300  -16.009225900  370-070519      -3.8      -6.2  14.346
228.684363900  -16.108990000  370-070522     -38.6     -24.9  15.639
228.695416800  -16.017456400  370-070524     -10.5       3.8  16.744
228.704289500  -16.075305600  370-070526     -21.6      -8.7  14.362
228.704542700  -16.045205900  370-070527      11.8      -3.3  16.021
228.709273000  -16.004434200  370-070530      -6.7       0.8  16.507
228.748688600  -16.077324500  370-070538      -8.5      10.4  15.810
228.761699500  -16.061568900  370-070541      -6.1      -3.8  16.875
228.778469200  -16.001938100  370-070542     -26.3     -19.7  13.363
228.778993900  -16.040921700  370-070543     -22.9     -26.1  13.340
228.782942400  -16.057510000  370-070546      -1.0      -5.1  16.251
228.783170000  -16.052455900  370-070547      12.3      -4.1  16.274
228.819938300  -16.073290300  370-070555     -18.7       5.5  15.014
228.834052700  -16.000565300  370-070556     -19.3      16.1  15.188
228.839121800  -16.006232000  370-070557      -9.9       5.1  14.219
228.846808300  -16.008455300  370-070559      -3.6      -2.0  14.463
228.857657700  -16.078195600  370-070561     -20.1      -6.3  16.788
228.865206500  -16.109059200  370-070562      -7.9     -12.2  16.189
228.867391500  -16.078690300  370-070564     -26.0     -62.6  15.896
228.873648900  -16.035408100  370-070565       0.0       0.0  11.996
228.874004200  -16.087027000  370-070567       8.3     -12.8  15.199
228.874529200  -16.037135900  370-070568       4.0      -4.1  11.996
228.886007700  -16.080490000  370-070569     -13.6       0.7  16.242
228.892602400  -16.090542000  370-070571     -23.2       2.6  16.598
228.915966800  -16.102474500  370-070576       0.6     -24.9  16.081
228.917146200  -16.092325600  370-070577     -10.3      -3.5  16.063
228.955087700  -16.047572000  370-070583      -8.8      -2.4  14.573
229.003087700  -16.112332300  370-070592     -16.3      -4.6  12.300
229.019832700  -16.061049800  370-070596     -19.3       1.1  13.708
229.019837400  -16.009527800  370-070597       1.3     -12.4  16.168
229.023468600  -16.100824800  370-070599     -16.8      -6.4  11.508
229.051718600  -16.109616400  370-070608     -21.6      -7.4  15.611
229.051739800  -16.098279800  370-070609      -8.4       3.9  17.390
229.066848600  -16.042831200  370-070613     -15.6     -10.6  13.230
229.069311800  -16.059548400  370-070614      -9.2       5.1  16.277
229.077925300  -16.014867000  370-070616     -18.7     -12.5  15.677
229.084389800  -16.051528900  370-070620      -4.9      -2.9  16.503
229.087640000  -16.095178400  370-070621     -23.0       0.7  15.550
229.141242700  -16.013344500  370-070631      -3.7      -9.5  16.905
229.142693900  -16.097502300  370-070633      -6.8      -2.7  16.363
229.152903600  -16.007377000  370-070636     -16.1      -9.1  13.476
229.157324800  -16.093821200  370-070639      -3.6      -3.4  16.619
229.165008600  -16.064633900  370-070643     -14.5       4.0  16.968
229.177749200  -16.067888700  370-070645      -7.5      -1.2  16.736
229.178226200  -16.096675300  370-070646     -12.8      -0.7  16.860
229.179906500  -16.022315000  370-070647      -4.4     -40.9  13.967
229.190473300  -16.057473900  370-070649     -18.5      -4.9  15.381
229.200756500  -16.005937300  370-070652      -8.1       7.7  16.310
229.209117700  -16.011832500  370-070654     -19.4     -22.3  14.724
229.216980600  -16.113941400  370-070656      -6.0       3.1  16.322
229.221127100  -16.106230000  370-070657      -8.3       0.5  14.041
229.223099200  -16.056704500  370-070658      -8.3       3.6  13.648
229.227759200  -16.043847500  370-070660      -2.8       2.9  13.239
229.231847400  -16.103990300  370-070661      -2.1       0.0  14.785
229.239493000  -16.046154800  370-070663      -4.7     -11.4  13.953
229.256793000  -16.077038700  370-070665      -0.1       2.9  14.607
229.260739800  -16.037462300  370-070667       1.4       0.9  15.688
229.271143300  -16.103477800  370-070669      -6.8      -9.1  15.824
229.273943000  -16.030073700  370-070670       4.7      -9.0  16.965
229.301457400  -16.057807800  370-070674      -1.2       4.7  14.695
229.314947700  -16.010838900  370-070678      -9.7      10.0  16.358
229.318023000  -16.095753100  370-070679      -1.3      -5.1  16.643
229.320276800  -16.078443900  370-070680      -8.8      -0.3  16.374
229.321407700  -16.103770600  370-070681      -9.3      -1.2  14.363
229.349691200  -16.009955000  370-070686      -9.3      -6.9  14.958
229.352947400  -16.059505300  370-070687       1.8       4.2  16.991
229.365002100  -16.014172500  370-070689      -4.7     -12.0  16.610
229.366521500  -16.057665600  370-070690     -11.1      -5.8  14.007
229.371597700  -16.029610000  370-070693       5.0     -10.5  13.508
229.379500900  -16.091978700  370-070697       1.9      -5.6  16.484
229.383672700  -16.056695900  370-070698      -6.0      -4.6  15.364
229.391240300  -16.016679200  370-070702      -0.9      -1.9  15.150
229.391263000  -16.093806700  370-070703      -4.8       2.2  13.909
229.394001200  -16.113464200  370-070705      -7.5       3.5  14.675
229.407550000  -16.100539500  370-070707      -2.4       2.6  16.570
229.408778900  -16.068722000  370-070708      -6.0       8.4  16.764
229.412907400  -16.046641200  370-070709     -14.5      -0.8  15.376
229.420508600  -16.015793900  370-070714      -9.9     -18.8  14.959
229.425603000  -16.048945900  370-070715     -13.4      -3.4  16.359
229.429661200  -16.015253900  370-070716     -18.5      -7.9  15.184
229.433032700  -16.076145300  370-070718      -7.7       0.8  17.583
229.436947400  -16.107958900  370-070719     -10.8     -22.2  16.544
229.442086200  -16.031609500  370-070720     -16.3     -10.0  14.489
229.448070300  -16.077576400  370-070723     -18.8      -6.2  17.072
229.452619200  -16.018365900  370-070724       2.5      -7.7  16.815
229.461615600  -16.001546700  370-070725      -3.1     -12.1  15.189
229.465302400  -16.092903400  370-070726      -2.5       3.7  16.252
229.477347100  -16.065631400  370-070728       4.8     -11.0  15.603
229.482521200  -16.047478700  370-070731     -23.4       0.3  12.175
229.489464500  -16.076618700  370-070733     -17.8      -5.5  15.521
229.492463900  -16.086594200  370-070735       6.6      -1.2  13.714
229.495561800  -16.038999200  370-070738      -8.7       2.5  16.380
229.505654500  -16.022599200  370-070742     -12.6      -0.5  15.873
229.507226200  -16.049918400  370-070744       5.3      -2.9  15.755
229.522380600  -16.040978400  370-070749      -2.5      -8.5  14.000
229.525607700  -16.020260300  370-070751      -2.9      -4.9  16.492
229.553769800  -16.059436700  370-070753     -29.9       5.9  15.093
229.558151500  -16.098005600  370-070754      -5.2      -8.6  13.998
229.568018300  -16.019989200  370-070757     -10.3      -0.8  16.284
229.569185300  -16.074875000  370-070758       0.5      -8.3  15.641
229.577576200  -16.057763700  370-070762      -7.0       2.9  15.022
229.590451500  -16.054209800  370-070765       0.1      -8.4  16.863
229.595039800  -16.007959500  370-070768      -2.2     -14.0  15.439
229.602931800  -16.051595600  370-070774       2.3      -5.0  15.369
229.604164800  -16.004713100  370-070775      -6.6      -1.1  17.032
229.612495000  -16.113185600  370-070776     -20.2      19.2  15.690
229.612816200  -16.089867300  370-070777       0.1      -1.4  12.284
229.630569500  -16.038340000  370-070783       3.9       3.3  14.175
229.639827100  -16.081299800  370-070788     -15.3       1.4  16.098
229.643732400  -16.044786200  370-070791      -5.9      -3.4  16.450
229.643948000  -16.021755300  370-070792      14.4     -24.5  15.355
229.650676200  -16.004697800  370-070795      -4.7     -11.8  16.923
229.651561500  -16.011879800  370-070797      -7.8      -1.2  15.704
229.670894800  -16.013900600  370-070803      -6.7      -7.9  16.472
229.682550900  -16.010689800  370-070806      -7.1     -17.2  13.833
229.688333600  -16.067248400  370-070808      -2.2      -3.6  16.603
228.655159800  -15.976260900  371-070254     -10.7       4.5  15.838
228.660946500  -15.850057300  371-070255     -12.7     -24.2  14.938
228.664532400  -15.834766400  371-070256       0.3       4.8  16.833
228.666585300  -15.987706400  371-070257      -0.2       3.6  16.411
228.668986500  -15.860984200  371-070258     -28.6       0.0  16.516
228.672029500  -15.926292300  371-070259      -6.4       2.3  15.988
228.673830300  -15.985502500  371-070260       2.0      -2.8  12.690
228.676014200  -15.819866400  371-070261     -25.3      -3.6  15.367
228.678872700  -15.918197300  371-070262      -8.0      10.4  16.791
228.680118300  -15.850368100  371-070263      -3.6       2.4  14.468
228.687952100  -15.822805300  371-070264     -18.6       6.7  16.146
228.689032400  -15.839479200  371-070265     -16.5      13.8  11.806
228.721330900  -15.845748700  371-070268      -7.6      -0.4  15.951
228.721933600  -15.831360000  371-070269      -7.3       2.1  16.520
228.725447700  -15.873435600  371-070270      -5.4      -6.1  15.276
228.738212400  -15.882785300  371-070273      -1.6      -4.7  11.465
228.739144200  -15.922220600  371-070274      -1.6      -5.0  13.926
228.745322400  -15.857983700  371-070275     -28.2      -9.3  13.395
228.749257100  -15.816428700  371-070276       5.9       0.6  16.603
228.752751200  -15.988898100  371-070277     -17.4      20.4  15.516
228.753588000  -15.990966200  371-070278      11.0     -26.8  15.516
228.754285900  -15.921900300  371-070279      -7.6      -5.2  13.488
228.754607100  -15.831258100  371-070280     -12.2      -1.5  16.526
228.761227100  -15.928455000  371-070281       6.1     -28.0  14.788
228.770990300  -15.904289800  371-070282      -5.8      -5.2  16.186
228.771768300  -15.938316400  371-070283       6.5     -14.0  16.498
228.776926200  -15.980547000  371-070285      -4.3       3.8  16.355
228.783018600  -15.978783700  371-070286      -8.5      -4.0  15.051
228.791450000  -15.953768900  371-070287      -6.8       0.2  14.655
228.793717400  -15.885940600  371-070288     -52.8      -0.1  12.855
228.794170900  -15.893428400  371-070289     -15.3      -2.2  15.105
228.794937400  -15.867907300  371-070290      -2.6       3.5  15.328
228.797891800  -15.830152500  371-070291       3.8       2.7  16.214
228.813381500  -15.896722000  371-070293     -18.0      -4.3  15.794
228.813429200  -15.948420300  371-070294     -10.8       0.1  15.691
228.814735900  -15.817571200  371-070295      -3.7      -4.5  15.923
228.818487400  -15.886607500  371-070296       1.2       3.4  16.738
228.822371500  -15.823492800  371-070297      -6.0      -3.8  15.749
228.822808300  -15.918866200  371-070298      -6.1       3.3  15.433
228.826751200  -15.862493400  371-070299       3.9       0.8  16.042
228.835689500  -15.858335000  371-070301       7.3     -13.0  16.239
228.843148000  -15.810358900  371-070303      -5.5     -11.8  16.284
228.844154800  -15.977824200  371-070304      -7.3      -1.3  15.608
228.847087400  -15.848324500  371-070305     -17.0      11.8  15.045
228.856228600  -15.848633400  371-070306      -9.1       4.0  17.093
228.857677400  -15.876350000  371-070307       6.8     -23.0  16.158
228.861084200  -15.953909200  371-070308      -8.3      -3.2  16.840
228.865606200  -15.926822800  371-070310       9.8     -18.7  13.946
228.866231200  -15.821885000  371-070311      -0.5      -2.4  15.495
228.877046800  -15.946787500  371-070313      -1.9      -4.4  14.874
228.896578600  -15.808767500  371-070314     -12.4      -6.2  14.721
228.903817100  -15.938298100  371-070315     -24.3     -11.8  14.584
228.904581800  -15.988670300  371-070316      -9.7     -26.0  14.442
228.920228300  -15.949637000  371-070318     -10.8       5.4  16.840
228.933590000  -15.863857800  371-070319     -17.8      -1.7  11.715
228.949457400  -15.958753900  371-070323      -3.6      -2.2  13.707
228.972928000  -15.982576200  371-070326      -3.8     -22.9  15.272
228.979935000  -15.941290900  371-070329      -3.1      -9.7  12.079
228.979967400  -15.974154200  371-070330       0.4     -11.9  17.157
228.987396800  -15.821302500  371-070332      -1.3      -4.8  15.933
228.988945000  -15.890206400  371-070333      -2.7      -5.2  15.943
228.990253600  -15.855784500  371-070334     -10.7       3.3  15.172
229.003728600  -15.938317000  371-070342     -24.7      -4.6  14.376
229.006787700  -15.873568700  371-070344     -18.2      -7.7  15.716
229.034843900  -15.843518100  371-070351      -5.8       0.4  16.224
229.035383000  -15.826837500  371-070352     -12.3       2.8  15.160
229.036167400  -15.939390300  371-070353      -0.6     -10.8  15.856
229.043035300  -15.881842800  371-070355      -9.5       2.9  15.547
229.044995300  -15.875065600  371-070356       2.4      -9.8  12.758
229.045790000  -15.888679800  371-070357      -4.4      -3.8  15.924
229.045836500  -15.860680300  371-070358      15.6     -11.1  15.626
229.045937700  -15.915333100  371-070359      -6.8      -1.5  12.377
229.056598900  -15.869308700  371-070360     -10.1      -4.0  16.714
229.060967700  -15.943339200  371-070361      -0.8     -15.9  15.167
229.067441200  -15.882920300  371-070363     -14.0      -5.7  15.520
229.067459200  -15.902249500  371-070364     -12.5      -0.6  13.731
229.069739500  -15.948017300  371-070366      -6.3       0.8  15.402
229.087919200  -15.892860600  371-070368     -11.7     -10.5  13.727
229.094771200  -15.825263100  371-070369      -6.7      -6.1  16.690

229.094864800  -15.999675600  371-070370     -14.3      -4.1  16.826
229.095059500  -15.822615900  371-070371      -6.8      -1.5  16.690
229.103030600  -15.906011400  371-070375     -26.4       8.6  14.780
229.112088000  -15.882779200  371-070377     -59.6       6.3  12.448
229.131088900  -15.884194500  371-070379       7.2      -2.7  13.537
229.137090600  -15.909667300  371-070381      -3.5      -6.0  16.220
229.150140900  -15.918303400  371-070383      -3.1      -3.9  14.689
229.155953900  -15.956062300  371-070384      -2.3      -1.8  16.327
229.157805300  -15.875747500  371-070385     -11.8      -4.6  14.486
229.158533000  -15.993517000  371-070386       1.5     -11.9  15.448
229.164737700  -15.862383900  371-070387     -19.4       0.8  13.830
229.170565000  -15.897200000  371-070388      -8.4       5.6  16.228
229.174656200  -15.967913700  371-070389      -2.6      -5.0  16.350
229.175819200  -15.833059800  371-070390       2.1      -9.9  12.138
229.176724800  -15.872700900  371-070391      -5.9      -6.3  15.512
229.180752400  -15.833656400  371-070392     -38.4     -28.2  14.993
229.182875000  -15.889188900  371-070393     -14.4     -22.4  16.923
229.188255600  -15.944588700  371-070394      -4.4      -4.6  15.485
229.220347400  -15.818795900  371-070397     -12.1      -2.1  14.704
229.221559200  -15.978503400  371-070398      -4.5     -10.2  12.123
229.227079500  -15.910813100  371-070400      -3.2      -6.3  15.975
229.230320300  -15.976936400  371-070401     -27.2     -14.4  14.118
229.238683000  -15.953232000  371-070403     -18.3      -4.5  15.538
229.240979500  -15.938730900  371-070404     -10.8      -7.9  17.129
229.243646800  -15.973165300  371-070405      -0.8      -3.7  16.397
229.251160300  -15.867507000  371-070406      -3.8       7.9  14.049
229.255686500  -15.810155900  371-070409       1.4     -10.2  13.316
229.262291500  -15.938938400  371-070410      -9.7      -7.8  15.260
229.262324800  -15.802397000  371-070411     -76.1     -24.0  13.980
229.264802100  -15.833546400  371-070412       5.0      -0.7  11.653
229.272162100  -15.875090600  371-070413     -11.9      -4.5  15.173
229.276501200  -15.959012300  371-070414     -14.8       2.0  16.512
229.281295000  -15.919309200  371-070415      -5.0      -2.6  13.681
229.282082100  -15.862940000  371-070416      -4.2       4.6  15.415
229.283607400  -15.946070600  371-070417       2.8      -8.9  15.793
229.292224200  -15.884564800  371-070418      -6.4      -9.5  15.748
229.294190300  -15.907214800  371-070419     -12.2      -9.8  15.384
229.300870600  -15.801658700  371-070420       5.1     -14.4  16.751
229.303709800  -15.968919200  371-070422     -20.2      23.9  16.179
229.307881200  -15.892278400  371-070423      -8.6      -8.1  16.719
229.315589500  -15.933117300  371-070425      -8.9      -9.0  15.991
229.316301200  -15.834021700  371-070426      -8.7      -3.6  15.134
229.318616200  -15.876572500  371-070427      -6.6      -7.3  16.867
229.319842400  -15.850647500  371-070428      -7.5     -11.1  15.945
229.323808600  -15.992299500  371-070429     -13.7       0.7  16.727
229.335279800  -15.893371200  371-070432      13.1      33.8  15.315
229.339998900  -15.875624800  371-070433      -7.1      -4.7  12.766
229.346431500  -15.982673400  371-070434     -14.8       3.2  13.188
229.350771800  -15.872019500  371-070435     -26.5      -5.2  16.008
229.351592400  -15.837670600  371-070436      -3.7     -14.6  16.439
229.351617700  -15.882938100  371-070437     -16.8       4.8  16.354
229.365005900  -15.829062500  371-070438     -15.7       1.8  13.615
229.370045300  -15.963925300  371-070439       8.5     -34.5  11.687
229.371818600  -15.825208100  371-070440      -6.4      -1.9  14.396
229.379149200  -15.828653700  371-070441      -2.4      -7.7  15.232
229.389337400  -15.917052300  371-070443     -37.2      -1.1  13.068
229.389913000  -15.982228900  371-070444      -6.8      -6.1  16.679
229.392117700  -15.843595900  371-070445      -4.8      -8.0  16.828
229.394439500  -15.866975000  371-070446     -11.3     -14.3  15.306
229.396645600  -15.808557300  371-070447     -12.6     -14.5  16.943
229.397925900  -15.837587000  371-070448     -12.1      -1.1  16.371
229.400509800  -15.918923900  371-070449      -7.8      -7.9  15.693
229.408127400  -15.825573700  371-070450       1.8       0.5  15.440
229.411570600  -15.936288400  371-070451       8.4     -34.9  12.845
229.411842100  -15.884488900  371-070452      -7.7      -3.7  12.885
229.412424200  -15.925963100  371-070454      -2.8       2.3  13.839
229.419836500  -15.997836200  371-070456      -4.4      -3.4  14.624
229.420553600  -15.857513100  371-070457      -3.4     -16.2  16.931
229.422587700  -15.954264800  371-070458     -30.8     -14.8  15.098
229.427795900  -15.865260600  371-070459      -2.9     -16.2  15.283
229.431171200  -15.808848700  371-070460     -10.7     -11.4  14.169
229.431178600  -15.922185300  371-070461      -3.3      -3.9  16.307
229.432788600  -15.841479800  371-070462      -9.6      -3.1  16.552
229.440827400  -15.863753900  371-070463      -7.7      -6.3  16.889
229.441262400  -15.971322800  371-070464     -25.1      -1.2  15.110
229.443447400  -15.805780900  371-070465      -3.1     -21.9  12.241
229.450651500  -15.919000000  371-070466      -4.2     -19.1  17.215
229.469393300  -15.948641700  371-070467     -43.6      -9.9  15.977
229.473088600  -15.804369500  371-070469     -11.6      -6.0  16.852
229.473968900  -15.980520000  371-070470     -52.9      55.7  15.217
229.475575300  -15.830208700  371-070473     -14.8      -6.7  15.269
229.477492700  -15.832638700  371-070474     -17.1     -10.7  15.269
229.494435900  -15.810286700  371-070478      -5.2      -2.3  16.646
229.501562700  -15.828996400  371-070479      -2.7      -8.1  15.051
229.513167700  -15.870510600  371-070480      -6.8      -0.4  16.936
229.518570300  -15.948918700  371-070482     -10.2       0.3  14.433
229.519292400  -15.821287000  371-070483      -9.8      -5.2  16.590
229.519575600  -15.937063900  371-070484      -2.3       5.5  16.711
229.529548600  -15.920801200  371-070487      -7.3      -6.4  17.068
229.532895900  -15.836473900  371-070489      -9.2       3.1  14.783
229.534191800  -15.804913900  371-070491      -1.4      -4.2  16.711
229.548366800  -15.942130300  371-070492       2.7       0.4  16.221
229.559342700  -15.888015600  371-070493     -15.5      -7.3  15.618
229.560204200  -15.929539800  371-070494      -2.9      -0.7  16.420
229.565657400  -15.815969500  371-070495     -16.6      -9.8  15.073
229.566405900  -15.907117300  371-070496      -3.3      -0.8  16.943
229.567532700  -15.954323700  371-070497     -13.6      -7.9  15.795
229.581575000  -15.873796700  371-070498      -2.5     -23.9  13.210
229.590408000  -15.986758700  371-070499      -3.9      -5.7  14.906
229.593886200  -15.979402300  371-070500     -20.2      -9.0  15.638
229.596372400  -15.974321700  371-070501      -4.1       2.6  15.489
229.600171800  -15.942090000  371-070502     -11.9      -6.4  16.885
229.606123000  -15.990570300  371-070503     -12.7     -15.5  15.619
229.610040900  -15.915212800  371-070505      -5.3       0.9  16.570
229.611533300  -15.969236200  371-070506     -40.6     -13.0  13.759
229.613865600  -15.880126200  371-070507     -14.0      -9.8  15.232
229.613994500  -15.849091400  371-070508     -28.5     -15.0  15.689
229.620389200  -15.915982500  371-070511      -3.6       3.3  16.613
229.621243600  -15.978300300  371-070512      -7.3      -6.4  12.542
229.625287400  -15.812233100  371-070513     -10.5      -5.2  16.459
229.628765900  -15.852237800  371-070514      -6.4      -7.1  15.614
229.630100300  -15.876941400  371-070515      -2.2      -0.4  15.785
229.640113000  -15.833660300  371-070519      -5.1      -6.8  14.444
229.642359500  -15.887482800  371-070521       2.5       2.1  17.022
229.643800600  -15.950404800  371-070522      -0.8      -1.1  15.824
229.644551800  -15.943986200  371-070523      -2.2      -8.7  16.529
229.649435600  -15.958835300  371-070524      -5.7     -18.2  16.870
229.654945900  -15.830889800  371-070525     -11.0      -0.7  15.744
229.659275300  -15.989515900  371-070526      -7.3       9.0  17.154
229.660224800  -15.805743100  371-070527      -3.5       4.5  16.856
229.665775600  -15.817466700  371-070528     -23.0     -20.2  16.121
229.667591800  -15.883877800  371-070529     -15.1      -5.8  17.026
229.678994500  -15.907749200  371-070533     -13.0       0.8  16.794
229.681780000  -15.965117000  371-070534     -11.3     -12.5  16.369
229.685061800  -15.817511400  371-070535     -10.4      -8.9  16.594
228.650964500  -15.770599200  372-069541       8.0      -7.0  14.351
228.666062400  -15.628234200  372-069546     -25.7     -11.7  14.228
228.669052400  -15.771088100  372-069548      -9.8      -2.1  16.519
228.673812100  -15.761169200  372-069549      -7.1      -1.4  16.558
228.676895900  -15.740588400  372-069550     -23.6     -11.1  12.808
228.679180300  -15.697955600  372-069551      -6.1      -9.0  16.319
228.685663300  -15.671232800  372-069553      -0.5      -4.7  16.398
228.688534800  -15.648302000  372-069554       8.3       0.0  16.431
228.702160600  -15.682738700  372-069557      -6.3      -7.0  16.541
228.717287400  -15.773877500  372-069558      -3.6      -2.4  16.067
228.717757100  -15.693977000  372-069559      -7.5     -10.6  15.666
228.739932100  -15.646950900  372-069562       9.0     -11.2  16.676
228.747521200  -15.613342300  372-069564     -23.5      -2.8  14.433
228.763780600  -15.671180000  372-069565     -13.9      -7.8  15.194
228.767076200  -15.620072300  372-069567      -7.8      -3.7  15.854
228.772500600  -15.743942800  372-069569      -7.6       5.3  15.915
228.781466800  -15.716279200  372-069571     -15.0      -0.8  15.355
228.782163600  -15.732572800  372-069572       1.5     -28.8  15.477
228.788806800  -15.603568100  372-069573      -5.2     -13.8  15.369
228.802537100  -15.694370600  372-069575     -11.5      -7.6  16.191
228.803636200  -15.726235900  372-069576      -4.4       2.8  15.891
228.808653000  -15.784909200  372-069577      -3.4       0.1  15.973
228.813418300  -15.714104500  372-069578      -8.0      40.9  15.655
228.817612400  -15.677517800  372-069580     -19.0      -3.4  15.846
228.820107400  -15.640115600  372-069583     -14.9      -8.0  14.434
228.829765600  -15.644008700  372-069584     -35.4     -26.6  14.013
228.830374200  -15.698318700  372-069585      -4.9       4.5  14.805
228.838448300  -15.710164800  372-069587       1.4      -9.7  16.886
228.843000600  -15.701811700  372-069588      -6.9     -13.4  16.962
228.846614500  -15.630442300  372-069589     -12.8      -1.4  11.985
228.849547700  -15.646190600  372-069590     -16.6     -13.1  16.780
228.852449500  -15.731798400  372-069591      -5.4      -5.1  16.631
228.856399200  -15.605963400  372-069592     -10.1      -1.9  16.323
228.858100900  -15.718814200  372-069593      -0.8      -0.2  16.463
228.860778000  -15.699871200  372-069595      21.3     -19.9  14.446
228.860879500  -15.658929800  372-069596      -3.3       0.2  16.501
228.861576200  -15.738694800  372-069597       0.4     -19.6  14.612
228.864300600  -15.716441400  372-069598     -12.5       0.5  15.623
228.865424500  -15.649088700  372-069599     -24.5     -23.8  15.710
228.871322700  -15.689645900  372-069601       2.3       2.6  16.908
228.882373900  -15.770637000  372-069603     -11.5      -6.1  13.679
228.887901800  -15.694135300  372-069604     -11.9      -7.2  14.049
228.889076500  -15.691623700  372-069605     -14.6      -3.9  14.167
228.892645300  -15.765935000  372-069607       5.6      -6.5  16.547
228.902380600  -15.671126400  372-069609      -8.4       0.5  16.350
228.906642400  -15.716193400  372-069610       1.9     -10.5  15.764
228.910800300  -15.605588100  372-069611       2.6       4.5  14.633
228.913214500  -15.685210600  372-069612      -2.6      -5.7  16.788
228.915784500  -15.641370000  372-069613      -5.3     -35.1  16.491
228.916247700  -15.667544500  372-069614      26.4     -25.8  15.445
228.924035300  -15.773077000  372-069615     -14.2      11.1  15.788
228.925358900  -15.710944200  372-069616      -1.3      -6.9  15.634
228.926715300  -15.666388100  372-069617      -8.8       3.0  16.604
228.937829500  -15.702190000  372-069618      -6.0       4.6  16.763
228.941706500  -15.729352500  372-069621      -6.7       3.1  15.330
228.943713300  -15.602906200  372-069622      -9.8       9.4  16.534
228.961379800  -15.739168400  372-069623      -7.4       9.2  16.747
228.969528600  -15.673048100  372-069626       2.7     -18.0  10.993
228.971687400  -15.733304800  372-069628     -17.2      10.0  16.378
228.973774800  -15.682702000  372-069629     -11.8      -2.0  15.681
228.974487400  -15.718660900  372-069631     -14.6       7.2  16.597
228.978922100  -15.636557800  372-069632     -12.2      -7.0  16.510
228.990514800  -15.609956700  372-069635     -12.1      -0.4  13.970
229.006042700  -15.663416200  372-069636      -9.6      -3.7  13.310
229.032356500  -15.791875000  372-069639     -14.9      -2.1  17.659
229.035879200  -15.711775600  372-069640     -21.2     -24.7  16.621
229.038612400  -15.625058100  372-069642      -7.6      -1.8  14.389
229.040000000  -15.763398900  372-069644     -10.5      -4.5  15.031
229.047879200  -15.789629800  372-069645     -10.9      -6.5  16.742
229.051208300  -15.781802300  372-069646      -6.0      -4.9  15.420
229.063551800  -15.775582000  372-069651     -12.5      -4.5  11.580
229.069217400  -15.743989800  372-069652      -2.8      -4.3  14.854
229.070906800  -15.742359200  372-069653      21.8      23.2  14.854
229.074008600  -15.733523900  372-069654     -14.9      -4.1  14.305
229.076972100  -15.783794800  372-069658     -29.7      -3.7  14.928

229.082290000  -15.669593100  372-069659     -44.3       3.5  16.188
229.085259200  -15.708160300  372-069660     -17.8      -2.7  15.339
229.086734800  -15.781785600  372-069661      -2.4      -0.5  16.908
229.089067400  -15.774082800  372-069662     -22.5     -39.4  13.907
229.089598300  -15.761867300  372-069663      -1.3       1.7  14.055
229.094056800  -15.731781200  372-069664      -7.7      10.5  16.837
229.094680900  -15.749448100  372-069665      -9.4     -19.1  16.036
229.099438900  -15.631977500  372-069666       2.0       7.2  15.796
229.104018000  -15.797354800  372-069667       0.5       6.4  15.395
229.122405300  -15.791826700  372-069671     -14.2     -17.0  17.352
229.122506500  -15.692038700  372-069672       9.5      -0.2  15.213
229.125568900  -15.780343100  372-069674     -13.0       1.8  16.967
229.137065600  -15.620153100  372-069676     -14.3       4.2  12.753
229.139807700  -15.789510900  372-069678     -15.2      10.6  16.249
229.144989200  -15.627175000  372-069679     -29.9     -36.0  15.991
229.159700600  -15.795223900  372-069682     -50.3     -45.0  14.181
229.165561500  -15.760048900  372-069683       0.2       1.0  16.761
229.167837400  -15.727017300  372-069684     -13.2     -27.4  15.297
229.177183900  -15.771794800  372-069686       2.1      -9.7  16.573
229.182387400  -15.650622500  372-069687     -12.2      -2.7  16.180
229.189072700  -15.725907300  372-069689      -7.3     -21.6  11.028
229.189852100  -15.765474200  372-069690     -15.1      -7.7  16.475
229.193023000  -15.741277300  372-069691     -12.0      -7.1  15.241
229.195822400  -15.604520000  372-069693     -14.3     -29.5  16.602
229.203174200  -15.654203900  372-069694      -1.7     -18.8  15.470
229.203643600  -15.685847500  372-069695       2.5      -0.7  12.158
229.236406200  -15.771739500  372-069697     -43.8      -3.5  13.577
229.239220000  -15.648607500  372-069698      -1.6       5.6  15.649
229.239954200  -15.672946200  372-069699     -14.0      -5.1  16.195
229.241785300  -15.713614200  372-069700      -3.1      -2.5  15.177
229.242737100  -15.693697000  372-069701      -6.1      -3.4  15.092
229.247961800  -15.714760600  372-069704      -1.0      -8.0  16.619
229.250750900  -15.790208700  372-069705      -6.4      -6.7  16.564
229.262220600  -15.639057000  372-069707     -27.4       3.0  11.858
229.273173600  -15.727112300  372-069709     -11.1      -3.8  14.827
229.276528300  -15.666904200  372-069710     -16.8       2.7  15.975
229.281630300  -15.621673900  372-069711     -10.7      -2.6  16.250
229.282070300  -15.639117800  372-069712      -3.9       4.6  12.170
229.282133000  -15.710365000  372-069713       4.7      -9.1  14.794
229.291697400  -15.735813100  372-069715     -13.1      -1.0  14.307
229.299453600  -15.690631200  372-069716      -4.3     -10.9  16.729
229.303747100  -15.771468900  372-069718     -13.7      -1.8  16.954
229.308082400  -15.600882500  372-069719      -6.6      -8.7  16.304
229.314377400  -15.644150300  372-069720      -2.0       0.1  15.540
229.316182400  -15.730039800  372-069721       1.0      -5.1  16.378
229.319593900  -15.605195900  372-069723      -8.1       4.0  17.246
229.324718900  -15.663130600  372-069724      -4.8      -4.9  13.722
229.344536500  -15.657663700  372-069725     -12.9      -9.7  17.823
229.347252100  -15.754137000  372-069727      -4.2       3.5  14.072
229.348584200  -15.709168900  372-069728     -15.6      -4.3  16.195
229.352523300  -15.773222800  372-069729       3.8      -3.8  14.609
229.359278000  -15.626004800  372-069730     -32.6     -16.7  14.131
229.363522400  -15.773340300  372-069732       1.4      -6.7  16.756
229.367263300  -15.612347000  372-069733     -40.6     -12.9  12.245
229.369504200  -15.728052800  372-069734       5.9       2.9  16.803
229.377278900  -15.726569800  372-069736      -5.8       1.1  17.190
229.379733900  -15.796467500  372-069737      -1.6       5.5  17.394
229.391125300  -15.618538100  372-069738     -12.5     -10.7  16.047
229.397108600  -15.751088400  372-069739      -6.1      -6.6  16.303
229.398683600  -15.623001200  372-069740     -27.1     -13.0  15.707
229.401029200  -15.657630000  372-069741     -10.3      -1.3  14.877
229.401248600  -15.634702800  372-069742     -15.2      -6.0  16.143
229.411518000  -15.757105000  372-069743     -12.5      -0.2  17.327
229.412375900  -15.653342300  372-069744     -16.6      -4.0  16.277
229.423587400  -15.659245900  372-069745       5.8      12.2  15.436
229.444924800  -15.796363700  372-069746       0.9      -5.4  13.677
229.451892400  -15.759314500  372-069748      -8.2      -3.8  15.809
229.459015900  -15.799102500  372-069751     -21.4       0.4  16.543
229.460960000  -15.665884500  372-069752      -3.4       5.2  14.205
229.468706200  -15.644550900  372-069754      18.8       1.2  15.998
229.469732700  -15.676931700  372-069755     -13.9     -11.6  16.495
229.470508000  -15.756730300  372-069756      -5.9      -7.4  15.836
229.474258900  -15.752789500  372-069757     -10.3      -2.2  13.882
229.475144800  -15.657323900  372-069758     -15.5       1.3  16.171
229.476893300  -15.744083700  372-069759      -6.0      -5.0  12.677
229.492432400  -15.614503700  372-069760      -5.4      -9.3  16.828
229.492702700  -15.664455600  372-069761      12.5      -9.9  17.268
229.501740300  -15.707966200  372-069762     -53.9       0.2  16.762
229.501847700  -15.625181200  372-069763      -3.2      -1.6  16.144
229.507892100  -15.645265900  372-069764     -11.5      -8.3  15.919
229.523929200  -15.780948400  372-069766      -6.9     -13.2  16.978
229.544233000  -15.770542500  372-069769     -19.7      -1.5  14.989
229.546902400  -15.691787300  372-069770      -4.8     -18.0  14.150
229.548182400  -15.624472000  372-069771     -22.2     -15.8  15.815
229.549417400  -15.757521400  372-069772      -4.8     -19.4  15.360
229.558570300  -15.658998700  372-069775     -34.9     -12.1  15.694
229.564170000  -15.756160600  372-069776     -10.3       1.4  16.645
229.566788600  -15.626866200  372-069777     -13.4      -8.3  15.927
229.575151500  -15.610783400  372-069780      -3.1     -30.7  16.326
229.575814200  -15.769270000  372-069781     -25.6      -9.6  16.049
229.583804200  -15.771262000  372-069782      13.4     -17.4  12.589
229.585441200  -15.699915900  372-069783      -9.4      -7.7  12.607
229.586048300  -15.639049200  372-069784       1.7       9.6  17.048
229.589678300  -15.790486400  372-069786     -11.1       1.0  15.789
229.613283600  -15.622315300  372-069788     -83.9     -35.1  10.720
229.622039800  -15.654833900  372-069790      -6.3     -34.9  14.295
229.622612400  -15.779274500  372-069791      -9.3      -4.9  15.208
229.624705900  -15.780932000  372-069792      -9.0     -11.6  15.208
229.635502700  -15.706451200  372-069793      -9.0     -11.6  16.541
229.650912400  -15.763213400  372-069796     -19.2     -10.7  14.723
229.651057400  -15.725646400  372-069797     -10.5       0.0  15.937
229.662503900  -15.665206700  372-069798      -2.7      -8.8  16.894
229.665214800  -15.766412500  372-069800      -7.3      -7.2  13.113
229.665814200  -15.645313100  372-069801       3.1      -9.7  16.389
229.667579500  -15.751718100  372-069802      -8.6      -1.7  15.214
229.674689800  -15.741106200  372-069803     -16.4     -45.9  16.626
229.679732400  -15.778004500  372-069805    -304.9    -191.0  15.583
229.684595900  -15.739419800  372-069808     -19.1      -6.5  16.806
228.658250300  -15.411658900  373-071902     -10.0      10.4  14.074
228.668473900  -15.531806400  373-071903      -3.7       6.1  14.874
228.685630600  -15.487546400  373-071904      17.8     -22.5  11.861
228.693272400  -15.450798400  373-071905      -0.7     -24.9  15.042
228.698033300  -15.412620900  373-071907     -12.4      -1.2  13.226
228.705880900  -15.453558900  373-071909     -13.7      -5.5  14.859
228.711580600  -15.550722000  373-071910     -23.5      -2.3  15.236
228.714368900  -15.587412500  373-071911     -36.7      -2.0  16.259
228.720927100  -15.402153900  373-071912      -7.7       4.1  16.534
228.729525900  -15.490471700  373-071913     -11.5      -3.6  12.843
228.734380000  -15.443575000  373-071914       1.1      -1.3  17.306
228.746389500  -15.463757000  373-071916      -4.7       3.0  14.534
228.747380000  -15.449093700  373-071917      -2.5       5.4  16.441
228.755700300  -15.555163900  373-071919     -12.7       2.6  13.739
228.757192700  -15.511283900  373-071920     -17.7      -9.6  15.802
228.758202400  -15.580184200  373-071922      -7.3      -4.4  16.334
228.762821500  -15.518515300  373-071923     -13.3      -2.5  16.118
228.771197400  -15.410714200  373-071926      -2.7       1.9  16.966
228.782697400  -15.580168400  373-071929      -5.4       8.0  13.262
228.794877100  -15.491290600  373-071930     -12.6      -9.3  16.979
228.797971200  -15.581493900  373-071931     -20.4      -4.7  11.258
228.798177400  -15.588160300  373-071932       6.0     -25.5  13.882
228.798728900  -15.512988900  373-071933      -9.5       4.6  15.791
228.803740300  -15.520463400  373-071934      -9.2      -2.7  14.039
228.808752700  -15.496180900  373-071937      -9.9       2.9  16.470
228.811840900  -15.419230300  373-071938      -3.4      -3.6  14.958
228.826682700  -15.592022500  373-071940      -8.9       3.0  14.229
228.826807400  -15.432917000  373-071941      -1.1       0.9  15.595
228.830090000  -15.525117000  373-071942      -5.7      -2.9  16.358
228.844677400  -15.596125900  373-071944     -16.8      -1.7  16.507
228.849210300  -15.524250900  373-071945      -6.1      -3.5  16.268
228.862442400  -15.555935000  373-071947     -15.4       2.8  17.040
228.868525300  -15.411889500  373-071949      -1.9       5.8  15.389
228.870251200  -15.505052300  373-071952     -20.5      -7.6  13.340
228.882061200  -15.471434200  373-071955       3.4     -17.5  12.871
228.883113900  -15.425096400  373-071956      -1.5      18.1  15.766
228.884594500  -15.545328100  373-071957      -5.0      -5.4  15.900
228.895562100  -15.552624200  373-071959      -3.2      19.4  16.680
228.898628900  -15.499603100  373-071960     -29.4      -4.6  16.718
228.902830000  -15.476931700  373-071961     -16.1      -2.4  15.961
228.911185600  -15.497773100  373-071963      -9.1       1.2  16.149
228.918640900  -15.565963900  373-071964      -3.3      21.5  16.347
228.925177100  -15.591305600  373-071965      -3.9      -4.6  16.394
228.925615000  -15.453170000  373-071966      -9.5      -1.4  16.686
228.925817700  -15.406255900  373-071967      -1.9      -2.7  17.024
228.938494200  -15.451149200  373-071969      17.0      -2.9  16.095
228.941252400  -15.540653900  373-071970     -14.7      -1.6  16.452
228.944661200  -15.551403400  373-071971     -12.1     -10.8  14.502
228.948221200  -15.428480600  373-071974      -7.8       0.7  16.339
228.950036500  -15.400543900  373-071975     -20.5      -4.9  14.681
228.957315900  -15.456243700  373-071976     -16.9       7.9  12.819
228.959725300  -15.436928400  373-071978     -12.5      -6.3  16.322
228.962611200  -15.590144500  373-071980     -11.1     -10.2  12.488
228.970431200  -15.449609200  373-071982      -5.4      -5.2  14.976
228.971766500  -15.420930300  373-071984     -13.5     -12.7  14.162
228.980610600  -15.445142300  373-071988      -6.3       5.6  15.052
228.986983600  -15.484075000  373-071991     -15.4       2.9  15.687
228.987922700  -15.554977300  373-071992     -16.7     -13.7  14.697
228.997005300  -15.453070600  373-071993     -53.4     -22.1  13.292
228.997511500  -15.404781200  373-071994      -8.9       0.1  15.417
228.999911200  -15.484224200  373-071995     -15.0      -1.1  15.967
229.004410900  -15.524347500  373-071997     -44.9     -13.1  12.179
229.015042400  -15.456707800  373-072002      -9.6     -16.3  16.575
229.016338600  -15.532958400  373-072003     -35.7       9.7  15.256
229.024039200  -15.545527300  373-072004       3.6      -2.2  15.483
229.025613000  -15.412548100  373-072005      -8.1       0.7  15.422
229.026006200  -15.439463100  373-072006     -12.8      -4.8  14.354
229.032065300  -15.491742300  373-072007      -4.1      -2.6  16.325
229.034515600  -15.561854500  373-072008      12.8     -28.7  16.856
229.037129200  -15.579788700  373-072009      -4.7      -8.1  17.053
229.044343600  -15.486822800  373-072011     -16.2       1.8  15.081
229.051348000  -15.515728900  373-072012     -22.5     -33.5  11.277
229.059514200  -15.511500600  373-072014     -16.5      -7.1  13.749
229.075932100  -15.539805300  373-072017      -3.2     -15.5  11.678
229.092380900  -15.439656200  373-072018     -11.4      -2.4  16.223
229.098764800  -15.583859500  373-072020     -16.5      -4.3  12.922
229.105983900  -15.477051200  373-072023      -2.9      -0.4  15.393
229.115300300  -15.467466400  373-072024       5.9      -4.9  15.756
229.116693000  -15.586509200  373-072026      -9.8      -4.5  10.689
229.122595600  -15.513726200  373-072029     -33.1      -1.0  17.509
229.138311200  -15.413695600  373-072033      -6.0      -6.9  15.843
229.162064200  -15.440174800  373-072037      -5.2      -3.6  16.121
229.164828900  -15.442562800  373-072039     -11.3      -5.6  16.121
229.166540600  -15.537120900  373-072041      -4.4      -6.6  16.083
229.173272400  -15.439725600  373-072042      -9.7      -1.0  15.513
229.173648900  -15.481289800  373-072043     -11.0      -6.2  16.502
229.175081500  -15.507727000  373-072044      -6.5      -9.5  16.599
229.177285600  -15.519868700  373-072045      -2.0       2.6  15.058
229.177656800  -15.562743400  373-072046      -7.0      12.3  17.121
229.180132400  -15.574575000  373-072049       1.7      -0.4  15.527
229.192703300  -15.534197800  373-072050      -7.4       5.9  16.824
229.193416800  -15.422915000  373-072051      -7.5      -2.3  16.982

229.196477400  -15.494612800  373-072053       0.0       0.0  17.485
229.224902700  -15.590718700  373-072055     -21.4      -9.6  14.930
229.238693600  -15.575325000  373-072056       0.0       0.0  15.697
229.240133000  -15.512946400  373-072057       0.9       6.7  16.909
229.250661500  -15.487523400  373-072060      -0.8      -1.6  15.892
229.253702100  -15.550353100  373-072061     -15.1       7.7  16.767
229.256551500  -15.577376700  373-072063       3.6       0.2  10.147
229.256803900  -15.494891700  373-072064      -3.3     -13.8  12.727
229.272451200  -15.561805900  373-072065      -5.4      -2.2  16.294
229.284167400  -15.462604200  373-072067      -7.0     -19.0  14.698
229.294619800  -15.441207800  373-072068      -6.5      -4.8  16.357
229.305507400  -15.491735300  373-072070     -28.3      -9.1  17.273
229.307986200  -15.468205900  373-072071       5.5      -7.1  14.410
229.309966200  -15.422772300  373-072072      -1.0       4.8  15.758
229.313788000  -15.537886700  373-072074     -21.0      -6.8  16.628
229.315884800  -15.417002300  373-072076      15.0      -9.1  17.010
229.321790300  -15.563341400  373-072077     -10.0      -2.0  15.864
229.324852400  -15.451014200  373-072078     -16.2      -3.7  17.031
229.332069500  -15.513286400  373-072079     -15.2      -1.5  15.573
229.339652100  -15.410193100  373-072080       7.0       4.0  16.665
229.340404500  -15.451550300  373-072081       4.7      -6.7  14.079
229.341266500  -15.549827000  373-072082     -15.0      -4.8  17.086
229.347181200  -15.499938400  373-072083     -17.3      -1.1  16.660
229.352418300  -15.430102800  373-072084      -4.4      -0.6  14.818
229.354405600  -15.549933400  373-072086       3.2     -11.5  15.198
229.362955000  -15.425931400  373-072088      -3.5      -6.1  14.455
229.364142400  -15.463260600  373-072089      -5.6       0.2  16.483
229.368435600  -15.546503700  373-072090       8.9      -7.9  16.808
229.370461200  -15.514630900  373-072091     -11.2      10.8  17.081
229.397118600  -15.431560600  373-072092      -5.9      -8.4  16.524
229.398757700  -15.450093100  373-072093     -16.4      -4.1  13.240
229.398942700  -15.413385900  373-072094      -4.3     -12.6  17.485
229.407530300  -15.569219800  373-072095     -11.5      -4.8  15.729
229.410246800  -15.597891700  373-072096     -13.5       7.0  11.770
229.417173300  -15.502595600  373-072097      -9.6      13.7  15.442
229.420413000  -15.421333700  373-072099      -2.8       2.8  16.071
229.421092400  -15.518968400  373-072100     -17.3      -3.7  16.065
229.424603300  -15.411938100  373-072101     -12.1      -8.2  15.141
229.427478600  -15.559023100  373-072102      -5.8     -22.3  16.542
229.432897700  -15.577139800  373-072103     -17.7      15.2  14.559
229.441215900  -15.479135900  373-072104      -2.0     -12.4  16.467
229.443126500  -15.414813700  373-072105       6.0      -1.3  14.970
229.444178300  -15.424905600  373-072106     -11.4       8.9  16.116
229.450040900  -15.549402500  373-072107       7.6      -5.9  14.661
229.450440300  -15.429202300  373-072108     -35.2      -2.1  13.576
229.450865000  -15.481263100  373-072109      11.4     -12.8  17.220
229.453977400  -15.488468100  373-072110     -11.1     -19.8  14.712
229.459532700  -15.524947000  373-072111     -15.2      -0.4  16.990
229.460870900  -15.460722300  373-072112     -12.6       3.6  14.797
229.466053000  -15.403828400  373-072113      -5.2      -5.9  13.499
229.469675600  -15.591822800  373-072114      -3.5      -5.5  15.324
229.472889500  -15.437214800  373-072115      -0.6       1.6  16.017
229.474042700  -15.509862300  373-072116     -25.9      -2.4  16.474
229.475132400  -15.488194500  373-072117     -23.8      -3.6  14.793
229.476337400  -15.568002300  373-072118     -24.9       7.7  16.071
229.477948600  -15.581855300  373-072119     -21.5      -2.2  15.664
229.483966200  -15.579236200  373-072120     -16.3      -6.4  14.863
229.492930000  -15.596765000  373-072122      -9.3      -3.8  16.623
229.501731200  -15.597837800  373-072123      -2.9     -18.0  16.497
229.520392400  -15.494651700  373-072126     -15.5      -4.1  16.686
229.523392700  -15.445665000  373-072129     -26.1       2.5  14.651
229.524027400  -15.529084200  373-072130      -9.0      -3.9  16.553
229.528385000  -15.468719200  373-072131     -18.7      -0.7  17.286
229.529456800  -15.584642500  373-072132      -4.4     -10.3  15.364
229.530703300  -15.575440000  373-072133      11.4       3.9  15.785
229.531216800  -15.493189500  373-072134     -16.6       6.2  15.229
229.535179800  -15.547653100  373-072135      -8.2      -6.0  16.587
229.541442400  -15.411668900  373-072136      -3.0      -4.7  14.049
229.544602100  -15.587764800  373-072137      -2.3      -0.8  16.188
229.548402100  -15.530194800  373-072138      -9.2     -62.6  12.069
229.555958300  -15.502942500  373-072139      -0.5       5.8  13.966
229.557380300  -15.541807800  373-072140      -0.5      -5.0  13.449
229.563480900  -15.433726400  373-072141      -8.1       7.1  15.372
229.564749200  -15.440497800  373-072142      -9.2     -13.4  15.788
229.571522100  -15.435658700  373-072144      -4.3      -5.9  16.545
229.580581200  -15.505028100  373-072145      -0.7      -7.0  16.147
229.582679200  -15.490918700  373-072146     -16.8     -45.5  16.702
229.589793300  -15.482239800  373-072147     -29.4     -12.0  15.001
229.591060600  -15.484157000  373-072148     -11.7     -15.9  15.001
229.593883600  -15.595813900  373-072149      -2.6      -4.0  17.273
229.598910600  -15.437798900  373-072151     -18.9      -7.1  14.913
229.603217400  -15.512453100  373-072152      -5.2       6.9  16.119
229.611115600  -15.558907300  373-072154       2.1       3.5  16.883
229.619184500  -15.402950000  373-072155     -19.5       0.6  16.566
229.629595900  -15.532920600  373-072156      -5.1      -0.4  15.546
229.635950300  -15.591145300  373-072157      -4.5      -1.7  15.607
229.644790000  -15.499341400  373-072158     -15.6      -9.9  14.682
229.648020900  -15.561195900  373-072159      -1.7      -0.4  16.005
229.648199200  -15.595267000  373-072160     -12.3      -6.6  16.402
229.652869500  -15.428425000  373-072161      -8.1      -6.3  16.765
229.670961200  -15.547849200  373-072164      -0.8      -4.2  13.903
229.671155600  -15.435485900  373-072165      -7.2     -14.3  16.067
229.673046800  -15.470431400  373-072167      -5.1      -7.9  17.346
228.655029200  -15.326639800  374-070231     -20.8       2.7  12.552
228.663649800  -15.388330900  374-070233     -34.3      -8.5  12.777
228.666843900  -15.203712800  374-070234      -4.5      -7.9  16.443
228.669382400  -15.208563100  374-070235     -19.3     -15.4  16.227
228.670452100  -15.318275600  374-070236      -4.8       3.9  16.612
228.686330900  -15.293267000  374-070241       7.3     -21.8  15.609
228.688427400  -15.339067000  374-070242     -14.8      14.2  16.640
228.694571500  -15.356345900  374-070245      -7.3       3.6  15.345
228.697374800  -15.232968400  374-070246      -6.6       3.5  12.144
228.697865900  -15.364905600  374-070247      -3.5      -2.5  15.405
228.700312400  -15.288376200  374-070248      -6.0       0.1  16.266
228.710203300  -15.304593900  374-070249     -10.3     -12.2  16.031
228.712545900  -15.238387000  374-070250       3.8      -9.7  15.692
228.731637400  -15.218238700  374-070252     -21.9      15.9  11.698
228.741924200  -15.217064200  374-070255     -21.3      -9.0  16.412
228.745592700  -15.356947300  374-070256     -15.2      -5.1  14.363
228.745616800  -15.349279800  374-070257       3.4     -17.7  12.025
228.754852100  -15.272786200  374-070259     -13.1      -3.5  13.605
228.757393900  -15.332827000  374-070260     -10.1       2.5  12.665
228.768137400  -15.305586700  374-070261     -14.2       2.5  14.459
228.773348900  -15.265428400  374-070263     -11.3     -17.1  15.609
228.785561500  -15.367466400  374-070265     -13.4      -7.0  16.297
228.805300000  -15.344050300  374-070268      -6.6      -6.2  16.657
228.814965300  -15.378570600  374-070269     -25.6     -28.2  14.087
228.819636200  -15.278015300  374-070270     -17.6     -12.1  14.498
228.823191500  -15.264472800  374-070271     -33.3     -41.4  14.325
228.842950600  -15.269665000  374-070273     -14.8      -6.1  15.747
228.853315300  -15.358005600  374-070274     -12.1      -3.8  15.676
228.855747400  -15.365252300  374-070275     -15.0       0.4  13.644
228.862645900  -15.226913900  374-070276      -7.8      -1.4  15.774
228.863690300  -15.279161400  374-070277      -6.1      -9.4  16.290
228.870175600  -15.361038900  374-070280     -12.7      -3.8  15.096
228.872419200  -15.314758100  374-070281       1.1      -5.0  15.925
228.872717400  -15.231803900  374-070282     -15.0       3.9  15.540
228.879826500  -15.219752300  374-070283      -2.5     -13.2  16.251
228.879911500  -15.246891200  374-070284     -21.2       5.4  16.079
228.900970300  -15.294630900  374-070287     -15.7       6.0  15.249
228.908983000  -15.354832800  374-070288      -3.6      -7.7  15.916
228.910877400  -15.244218100  374-070289     -18.7       0.0  13.900
228.916247100  -15.216263900  374-070290       2.0      -0.1  13.797
228.923396200  -15.328045900  374-070291      -7.1       1.5  14.766
228.925226200  -15.348314200  374-070292      -9.6      -5.9  17.041
228.927341200  -15.339985600  374-070293      -9.0      10.8  15.820
228.934558000  -15.214480000  374-070294      -1.4      -5.3  16.878
228.940834500  -15.355939800  374-070295      -4.5       4.8  14.906
228.945198600  -15.315580300  374-070296      -6.3      17.5  14.540
228.949866200  -15.295738700  374-070297       2.7      -4.2  13.082
228.952299200  -15.303058100  374-070298      -7.1     -11.3  16.273
228.959298600  -15.293148700  374-070299     -10.2      -3.9  16.734
228.959359200  -15.249915900  374-070300       5.1      -3.2  13.704
228.962940900  -15.237038700  374-070301      -4.0      -1.8  15.557
228.974235000  -15.298519800  374-070302     -20.1     -41.8  11.926
228.979695300  -15.276906700  374-070303     -11.7      -3.1  14.329
228.984304800  -15.392662800  374-070304     -17.3      -6.2  15.308
228.985382400  -15.340574500  374-070305      15.3      -6.7  15.608
228.986571800  -15.207183400  374-070306     -21.1      -7.6  13.990
228.990184800  -15.312037500  374-070307      -2.4     -13.7  12.758
228.991849500  -15.300260900  374-070308      -6.1     -20.0  15.581
228.993959200  -15.214552500  374-070309     -11.0       7.0  16.489
228.995997700  -15.277795900  374-070310      -1.5     -10.5  17.145
228.996179200  -15.369351200  374-070311     -11.6       7.3  16.297
228.999380300  -15.252555000  374-070312      -9.8       1.8  14.801
229.010693000  -15.258644500  374-070314     -10.7      -2.3  16.255
229.018472400  -15.303871700  374-070317     -19.2       0.4  14.362
229.018878600  -15.325108700  374-070318      -5.7       4.9  16.718
229.033474800  -15.278115300  374-070322       0.2       2.6  14.594
229.050403600  -15.208823400  374-070324     -10.9      -4.6  12.794
229.050535000  -15.338723400  374-070325      -5.5       3.1  14.870
229.051735300  -15.236494200  374-070326      -6.4       2.6  13.730
229.053193300  -15.325822500  374-070327       3.5      -5.0  16.765
229.061389200  -15.337396200  374-070328      -5.6       8.0  14.863
229.067473900  -15.348729200  374-070330       3.0       0.5  15.608
229.072329200  -15.378020600  374-070331      -4.9      -3.8  15.900
229.075985300  -15.338743100  374-070332     -13.5       8.1  15.992
229.080939200  -15.258184800  374-070333      -9.2     -13.2  17.115
229.088465000  -15.227132300  374-070334      -0.6     -10.1  15.339
229.096910300  -15.328447500  374-070337      -2.9      -5.2  15.485
229.115686500  -15.237823100  374-070340      -6.7      -3.4  16.714
229.116325600  -15.317142000  374-070341     -22.5       3.6  15.062
229.130978300  -15.308125900  374-070342      -9.6      -6.7  15.204
229.137512400  -15.330988700  374-070343     -13.8      -9.2  15.461
229.145992100  -15.209201700  374-070345     -16.3     -25.8  12.664
229.152438000  -15.234730900  374-070347     -31.2       4.6  14.212
229.153617100  -15.371554500  374-070348     -14.7       3.9  16.452
229.158499500  -15.286244800  374-070349     -61.1      -8.1  14.873
229.158768900  -15.227423100  374-070350      -9.7       5.3  15.453
229.172662400  -15.319576700  374-070351      -6.3     -14.9  15.205
229.173137700  -15.363318100  374-070352     -13.5      -2.9  14.914
229.177623300  -15.267998400  374-070353       2.5      -4.5  16.942
229.186855300  -15.213703900  374-070354     -18.1     -31.4  15.447
229.192818600  -15.317617500  374-070355      -4.2       2.4  16.351
229.204847100  -15.254889200  374-070359     -12.4       4.9  16.844
229.217141500  -15.241802000  374-070360     -14.4     -19.7  16.088
229.227140600  -15.235022000  374-070361     -14.4     -16.4  15.738
229.258537100  -15.371053700  374-070363      -1.1      -5.3  15.996
229.273622400  -15.268217000  374-070364      -4.2       2.8  16.129
229.284865600  -15.210644800  374-070367     -14.3       3.9  16.905
229.299356500  -15.398963400  374-070369     -10.0       0.3  16.864
229.300945900  -15.231281200  374-070370      11.3      -0.1  16.326
229.308921800  -15.305190300  374-070371      -1.5      -5.4  15.178
229.309835900  -15.322543400  374-070372      -8.5     -21.1  16.675
229.314377400  -15.236974800  374-070374     -16.1      -3.3  16.986
229.316581200  -15.295441700  374-070375      -6.4      -5.6  15.718
229.317477100  -15.211144500  374-070376       3.6       0.8  15.583
229.318441800  -15.205466200  374-070377      -8.0     -13.3  15.590
229.325922400  -15.392827800  374-070379     -10.5      -2.6  16.529
229.343227100  -15.236328700  374-070382      -9.3       8.0  15.487

229.353598300  -15.257805000  374-070383     -17.8      -2.0  16.189
229.357657400  -15.265150000  374-070385      -9.2      -7.9  16.132
229.370448600  -15.251873900  374-070388     -11.0     -26.1  14.335
229.377104800  -15.379648400  374-070389      -2.6       2.9  16.490
229.387796500  -15.355166700  374-070390       4.1     -16.7  13.892
229.387895900  -15.309558700  374-070391      -3.1     -18.3  17.034
229.392450600  -15.284246200  374-070393      -7.1       1.1  16.053
229.397183300  -15.385499800  374-070395      -8.3      -5.1  16.219
229.431105900  -15.271827000  374-070396      21.1      -5.0  10.670
229.435506800  -15.392274200  374-070397      -1.5      -5.5  15.917
229.440904800  -15.216042300  374-070398     -10.2       8.7  16.379
229.444946800  -15.267076400  374-070399     -12.3       6.3  16.770
229.451548600  -15.307909200  374-070400     -22.2      10.3  15.135
229.458031800  -15.288271200  374-070402      -6.3     -18.1  15.503
229.461553000  -15.275254200  374-070403     -10.8     -22.0  15.949
229.464755600  -15.373670600  374-070405       3.4     -23.1  15.377
229.469552400  -15.236798900  374-070406     -10.0      -9.3  13.499
229.470203600  -15.267476700  374-070407     -10.9      -0.4  16.724
229.473377100  -15.254039800  374-070408      -7.4     -11.3  15.682
229.478148300  -15.265499800  374-070409      -8.1     -19.8  17.115
229.480531800  -15.241178100  374-070410       0.9      -4.0  17.105
229.483842100  -15.299862800  374-070412      -7.4     -23.8  14.874
229.488745600  -15.340136200  374-070413      -3.6      -0.3  16.509
229.491996800  -15.348743900  374-070415     -27.9     -11.4  13.545
229.497818900  -15.358731200  374-070416     -10.3      -8.0  16.342
229.503852400  -15.238692300  374-070418       7.0     -25.2  14.794
229.506720600  -15.290204800  374-070419      -9.5      -9.2  16.139
229.515824800  -15.235406700  374-070421      -3.0      -9.1  16.322
229.515923900  -15.337508100  374-070422      15.0     -14.2  15.616
229.517141800  -15.218026400  374-070423      -8.1      -6.2  14.725
229.525107400  -15.263275300  374-070426      -4.0      -1.1  16.378
229.526428900  -15.212360300  374-070427      -0.4     -25.5  16.834
229.530900900  -15.287415900  374-070430     -12.8      -9.8  17.034
229.533048000  -15.378023700  374-070431     -62.0      31.7  15.371
229.533250000  -15.333258400  374-070432     -11.5      -1.5  15.782
229.539943600  -15.251699800  374-070437      -7.6      -7.8  16.242
229.540897400  -15.209041400  374-070439     -14.0      -5.1  16.398
229.541833000  -15.244850900  374-070441     -11.1       4.4  16.137
229.548898900  -15.257115000  374-070444      -9.1      -5.1  15.473
229.555203300  -15.378583400  374-070446     -10.6     -11.1  15.937
229.559759800  -15.355802800  374-070447     -41.3     -36.7  17.976
229.560992100  -15.298585000  374-070448      -9.1      -8.4  16.269
229.567278900  -15.306403400  374-070449      -8.9      -9.6  16.809
229.576005300  -15.343338900  374-070451      13.0      -4.7  12.430
229.577056800  -15.248793700  374-070452      -8.8     -11.5  16.418
229.578012400  -15.236094200  374-070454    -105.3    -106.0  16.560
229.594805600  -15.356110900  374-070459     -16.4      -2.8  13.562
229.603906800  -15.367357000  374-070461      -8.8      -2.5  15.505
229.608476200  -15.347275900  374-070462       2.6     -10.1  16.299
229.608540600  -15.249401200  374-070463       4.2     -16.7  14.614
229.616785300  -15.321341700  374-070464       6.1      -0.9  16.597
229.618929500  -15.295352000  374-070465     -43.1     -40.2  14.911
229.623819800  -15.393357800  374-070466       3.5     -10.2  13.353
229.626095900  -15.287763100  374-070468      -6.4       2.1  14.360
229.628375600  -15.388009500  374-070469     -14.0     -18.7  15.253
229.628639800  -15.274567000  374-070470       1.0      -1.5  16.451
229.641262400  -15.323508400  374-070472      -9.2      -3.2  16.586
229.660713000  -15.250013400  374-070477      -7.5      -7.3  13.675
229.669463000  -15.342473100  374-070479     -28.4       4.0  14.377
229.672078300  -15.377397300  374-070480      -2.2      -2.7  16.843
229.677442100  -15.371510300  374-070481      -4.0      -4.4  16.416
229.678438000  -15.263454500  374-070482     -16.3      -4.7  17.104
229.681888300  -15.367134800  374-070483     -14.2     -17.4  16.463
229.684654500  -15.361275900  374-070484      -9.9     -15.8  16.805
228.681054500  -15.196270600  375-071292       3.5      -9.5  14.879
228.683285900  -15.162324800  375-071294       0.1       0.0  15.893
228.704274500  -15.117035600  375-071299      -0.6       5.0  15.502
228.705757400  -15.139525600  375-071300     -15.6     -47.3  12.662
228.715041800  -15.121319800  375-071303     -17.6      -2.2  14.153
228.738352400  -15.182537000  375-071304     -18.1       7.4  11.529
228.753847100  -15.159329500  375-071306     -31.0      -7.3  16.435
228.756522400  -15.116354800  375-071307       1.8      -9.4  14.543
228.810535300  -15.166783700  375-071315      -1.0      -8.0  15.941
228.817260000  -15.148276400  375-071316     -17.0     -11.2  16.073
228.831337400  -15.179157500  375-071318     -41.5     -80.9  16.068
228.888134200  -15.188525600  375-071327       0.3      -3.6  16.854
228.898639800  -15.117153100  375-071329     -13.6      -4.6  15.287
228.925274200  -15.167357300  375-071334      -4.9      -3.2  14.921
228.931397400  -15.178178400  375-071335     -16.6       1.5  16.118
228.932582100  -15.188331700  375-071337     -56.0     -50.1  15.222
228.944929500  -15.130237300  375-071342      -3.4      -3.1  14.695
228.960313300  -15.117703700  375-071345       2.6       6.2  14.061
228.960626800  -15.129133900  375-071346       6.4      -1.8  13.527
229.028605000  -15.140110900  375-071364      -3.2       2.9  16.946
229.043626200  -15.183518100  375-071370      -2.6     -14.4  16.628
229.082562700  -15.165240000  375-071378      -6.3      -4.1  14.093
229.111978900  -15.190437300  375-071386     -12.8       0.7  15.988
229.142543600  -15.185777300  375-071394      -6.7      -1.5  13.874
229.148799500  -15.146891200  375-071395      -5.4      -0.3  16.093
229.150133600  -15.165807500  375-071397      -6.6      -4.8  16.044
229.154363000  -15.188523100  375-071400     -10.5       1.1  16.305
229.156548300  -15.127959500  375-071402      -6.9       3.5  13.360
229.172621200  -15.163862500  375-071406      -7.1       0.3  14.424
229.172767700  -15.135600000  375-071407      -3.5      -0.7  17.426
229.205775300  -15.127577000  375-071412      -5.4      -8.8  14.242
229.227795000  -15.139914500  375-071417      -3.8      -2.3  16.598
229.245762400  -15.175465600  375-071423     -22.1       6.7  14.883
229.258013000  -15.160654200  375-071425      -6.2     -20.8  16.722
229.271080000  -15.119165300  375-071427      -5.7      -2.0  14.218
229.272329500  -15.190392800  375-071428      22.3       4.7  15.963
229.273204200  -15.172715600  375-071429     -10.1      -1.7  14.786
229.280992100  -15.165575900  375-071433     -24.5     -25.2  14.631
229.352188000  -15.171263100  375-071446      -3.0     -11.7  16.978
229.378453300  -15.174479800  375-071451      -0.1      -1.1  15.746
229.435736500  -15.199202800  375-071459     -11.7     -13.9  15.160
229.443027700  -15.124807300  375-071462     -15.0       4.0  16.828
229.493200600  -15.189833100  375-071472     -19.6       1.1  16.139
229.498907100  -15.119819500  375-071474      -9.1       6.6  15.843
229.501273900  -15.128753400  375-071476     -11.9      -6.3  15.079
229.504618900  -15.120960900  375-071478       8.8     -10.8  14.861
229.510778000  -15.168454500  375-071480      -6.1     -19.0  15.899
229.532889200  -15.125512500  375-071483       0.2      -3.3  16.144
229.559383600  -15.198018400  375-071491      -7.4      -3.5  16.815
229.569400000  -15.122911200  375-071494       3.6       9.6  17.411
229.572475900  -15.194600000  375-071496      -0.7       1.8  16.346
229.576798600  -15.139020900  375-071500     -10.6      -4.4  16.297
229.589100900  -15.183455600  375-071502      -3.2       2.8  14.294
229.590042400  -15.131425000  375-071503     -28.2      -6.2  16.207
229.597307100  -15.172260000  375-071505     -24.3       0.2  13.040
229.604436800  -15.187237300  375-071508     -19.4      -7.6  17.630
229.606911800  -15.179098700  375-071509     -19.7      -4.7  15.446
229.607792400  -15.146368400  375-071510      -5.3      -5.4  12.648
229.608830900  -15.193712500  375-071511      -6.3       1.5  16.051
229.635213300  -15.192990600  375-071515     -14.2      -2.2  16.367
229.648495000  -15.157590000  375-071517      -6.7       1.3  16.254
229.654707100  -15.150690000  375-071520      -0.7       2.9  16.844
229.672905000  -15.143585900  375-071526     -11.3      -0.1  15.948