228.778469200  -16.001938100  370-070542     -26.3     -19.7  13.363
228.834052700  -16.000565300  370-070556     -19.3      16.1  15.188
228.839121800  -16.006232000  370-070557      -9.9       5.1  14.219
228.846808300  -16.008455300  370-070559      -3.6      -2.0  14.463
228.907262400  -16.017662000  370-070574      -1.1       3.6  99.999
228.929252100  -16.025782300  370-070579      -4.3       4.5  99.999
228.973580900  -16.010570300  370-070585    -133.6      50.4  99.999
229.019837400  -16.009527800  370-070597       1.3     -12.4  16.168
229.046681500  -16.005710000  370-070605     -27.0     -15.9  99.999
229.077925300  -16.014867000  370-070616     -18.7     -12.5  15.677
229.082152700  -16.028037300  370-070619      -7.3       9.6  99.999
229.095562400  -16.016297000  370-070624       0.3      -4.8  99.999
229.100525000  -16.012731400  370-070625      -9.6     -12.4  99.999
229.103958900  -16.011818400  370-070627      -0.3       5.8  99.999
229.141242700  -16.013344500  370-070631      -3.7      -9.5  16.905
229.152903600  -16.007377000  370-070636     -16.1      -9.1  13.476
229.179906500  -16.022315000  370-070647      -4.4     -40.9  13.967
229.200756500  -16.005937300  370-070652      -8.1       7.7  16.310
229.209117700  -16.011832500  370-070654     -19.4     -22.3  14.724
229.235553600  -16.009377500  370-070662      -7.6      14.1  99.999
229.273943000  -16.030073700  370-070670       4.7      -9.0  16.965
229.292105300  -16.031144800  370-070671     -10.0     -16.2  99.999
229.314947700  -16.010838900  370-070678      -9.7      10.0  16.358
229.349691200  -16.009955000  370-070686      -9.3      -6.9  14.958
229.365002100  -16.014172500  370-070689      -4.7     -12.0  16.610
229.370650300  -16.007200000  370-070692       8.6     -12.1  99.999
229.371597700  -16.029610000  370-070693       5.0     -10.5  13.508
229.391240300  -16.016679200  370-070702      -0.9      -1.9  15.150
229.420508600  -16.015793900  370-070714      -9.9     -18.8  14.959
229.429661200  -16.015253900  370-070716     -18.5      -7.9  15.184
229.442086200  -16.031609500  370-070720     -16.3     -10.0  14.489
229.452619200  -16.018365900  370-070724       2.5      -7.7  16.815
229.461615600  -16.001546700  370-070725      -3.1     -12.1  15.189
229.492036200  -16.026479500  370-070734     -10.7    -189.4  99.999
229.505654500  -16.022599200  370-070742     -12.6      -0.5  15.873
229.525607700  -16.020260300  370-070751      -2.9      -4.9  16.492
229.568018300  -16.019989200  370-070757     -10.3      -0.8  16.284
229.595039800  -16.007959500  370-070768      -2.2     -14.0  15.439
228.738212400  -15.882785300  371-070273      -1.6      -4.7  11.465
228.739144200  -15.922220600  371-070274      -1.6      -5.0  13.926
228.745322400  -15.857983700  371-070275     -28.2      -9.3  13.395
228.749257100  -15.816428700  371-070276       5.9       0.6  16.603
228.752751200  -15.988898100  371-070277     -17.4      20.4  15.516
228.753588000  -15.990966200  371-070278      11.0     -26.8  15.516
228.754285900  -15.921900300  371-070279      -7.6      -5.2  13.488
228.754607100  -15.831258100  371-070280     -12.2      -1.5  16.526
228.761227100  -15.928455000  371-070281       6.1     -28.0  14.788
228.770990300  -15.904289800  371-070282      -5.8      -5.2  16.186
228.771768300  -15.938316400  371-070283       6.5     -14.0  16.498
228.774700300  -15.822993100  371-070284      -9.3      -1.9  99.999
228.776926200  -15.980547000  371-070285      -4.3       3.8  16.355
228.783018600  -15.978783700  371-070286      -8.5      -4.0  15.051
228.791450000  -15.953768900  371-070287      -6.8       0.2  14.655
228.793717400  -15.885940600  371-070288     -52.8      -0.1  12.855
228.794170900  -15.893428400  371-070289     -15.3      -2.2  15.105
228.794937400  -15.867907300  371-070290      -2.6       3.5  15.328
228.797891800  -15.830152500  371-070291       3.8       2.7  16.214
228.811794200  -15.905967000  371-070292     -12.3       1.0  99.999
228.813381500  -15.896722000  371-070293     -18.0      -4.3  15.794
228.813429200  -15.948420300  371-070294     -10.8       0.1  15.691
228.814735900  -15.817571200  371-070295      -3.7      -4.5  15.923
228.818487400  -15.886607500  371-070296       1.2       3.4  16.738
228.822371500  -15.823492800  371-070297      -6.0      -3.8  15.749
228.822808300  -15.918866200  371-070298      -6.1       3.3  15.433
228.826751200  -15.862493400  371-070299       3.9       0.8  16.042
228.827988000  -15.844728900  371-070300      -4.7       1.0  99.999
228.835689500  -15.858335000  371-070301       7.3     -13.0  16.239
228.841530600  -15.994247300  371-070302      13.4      -9.5  99.999
228.843148000  -15.810358900  371-070303      -5.5     -11.8  16.284
228.844154800  -15.977824200  371-070304      -7.3      -1.3  15.608
228.847087400  -15.848324500  371-070305     -17.0      11.8  15.045
228.856228600  -15.848633400  371-070306      -9.1       4.0  17.093
228.857677400  -15.876350000  371-070307       6.8     -23.0  16.158
228.861084200  -15.953909200  371-070308      -8.3      -3.2  16.840
228.864028600  -15.840120600  371-070309       3.4     -13.8  99.999
228.865606200  -15.926822800  371-070310       9.8     -18.7  13.946
228.866231200  -15.821885000  371-070311      -0.5      -2.4  15.495
228.868175600  -15.913620600  371-070312       4.9      -4.1  99.999
228.877046800  -15.946787500  371-070313      -1.9      -4.4  14.874
228.896578600  -15.808767500  371-070314     -12.4      -6.2  14.721
228.903817100  -15.938298100  371-070315     -24.3     -11.8  14.584
228.904581800  -15.988670300  371-070316      -9.7     -26.0  14.442
228.905153900  -15.882000000  371-070317     -18.9     -12.5  99.999
228.920228300  -15.949637000  371-070318     -10.8       5.4  16.840
228.933590000  -15.863857800  371-070319     -17.8      -1.7  11.715
228.934105600  -15.987845300  371-070320  999999.9  999999.9  99.999
228.941759800  -15.867208700  371-070321      -9.9      24.9  99.999
228.946324200  -15.805966200  371-070322     199.3     133.9  99.999
228.949457400  -15.958753900  371-070323      -3.6      -2.2  13.707
228.960051800  -15.949685300  371-070324  999999.9  999999.9  99.999
228.972165300  -15.881907800  371-070325      56.9     -92.6  99.999
228.972928000  -15.982576200  371-070326      -3.8     -22.9  15.272
228.973274500  -15.835862000  371-070327      -5.0      -0.5  99.999
228.975697700  -15.839626700  371-070328      -8.4      -4.3  99.999
228.979935000  -15.941290900  371-070329      -3.1      -9.7  12.079
228.979967400  -15.974154200  371-070330       0.4     -11.9  17.157
228.984919800  -15.939550000  371-070331      -5.6       7.5  99.999
228.987396800  -15.821302500  371-070332      -1.3      -4.8  15.933
228.988945000  -15.890206400  371-070333      -2.7      -5.2  15.943
228.990253600  -15.855784500  371-070334     -10.7       3.3  15.172
228.992107100  -15.967379800  371-070335       7.1       9.9  99.999
228.994121800  -15.924696400  371-070336      -5.9       9.4  99.999
228.994254800  -15.931364500  371-070337       3.3       1.5  99.999
228.997049800  -15.870318900  371-070338       3.1      -2.8  99.999
229.001382400  -15.988605600  371-070339      -5.3       5.5  99.999
229.001776800  -15.983367800  371-070340     -11.3     -10.3  99.999
229.003079200  -15.865161700  371-070341       4.0      -6.4  99.999
229.003728600  -15.938317000  371-070342     -24.7      -4.6  14.376
229.006065300  -15.953034200  371-070343      61.6      -7.7  99.999
229.006787700  -15.873568700  371-070344     -18.2      -7.7  15.716
229.008812700  -15.884456200  371-070345       2.2      -6.7  99.999
229.009564800  -15.941250000  371-070346     -12.4      -1.0  99.999
229.012953300  -15.937159200  371-070347      -6.3       5.6  99.999
229.019580600  -15.859887300  371-070348     -23.8     -12.2  99.999
229.027535600  -15.888427300  371-070349       0.9      -2.8  99.999
229.030211200  -15.830323100  371-070350       2.4       6.6  99.999
229.034843900  -15.843518100  371-070351      -5.8       0.4  16.224
229.035383000  -15.826837500  371-070352     -12.3       2.8  15.160
229.036167400  -15.939390300  371-070353      -0.6     -10.8  15.856
229.040760600  -15.978911700  371-070354      -8.9       0.7  99.999
229.043035300  -15.881842800  371-070355      -9.5       2.9  15.547
229.044995300  -15.875065600  371-070356       2.4      -9.8  12.758
229.045790000  -15.888679800  371-070357      -4.4      -3.8  15.924
229.045836500  -15.860680300  371-070358      15.6     -11.1  15.626
229.045937700  -15.915333100  371-070359      -6.8      -1.5  12.377
229.056598900  -15.869308700  371-070360     -10.1      -4.0  16.714
229.060967700  -15.943339200  371-070361      -0.8     -15.9  15.167
229.063169500  -15.849237000  371-070362      -3.0      -7.7  99.999
229.067441200  -15.882920300  371-070363     -14.0      -5.7  15.520
229.067459200  -15.902249500  371-070364     -12.5      -0.6  13.731
229.068414800  -15.980755300  371-070365      -5.5     -16.9  99.999
229.069739500  -15.948017300  371-070366      -6.3       0.8  15.402
229.085335600  -15.913106700  371-070367      -4.9       4.1  99.999
229.087919200  -15.892860600  371-070368     -11.7     -10.5  13.727
229.094771200  -15.825263100  371-070369      -6.7      -6.1  16.690
229.094864800  -15.999675600  371-070370     -14.3      -4.1  16.826
229.095059500  -15.822615900  371-070371      -6.8      -1.5  16.690
229.099046800  -15.908729800  371-070372     -14.6      -5.5  99.999
229.099758600  -15.818100900  371-070373      21.7     -36.9  99.999
229.100063900  -15.979793700  371-070374      -6.4     -10.8  99.999
229.103030600  -15.906011400  371-070375     -26.4       8.6  14.780
229.106283900  -15.878607500  371-070376     -10.4       0.2  99.999
229.112088000  -15.882779200  371-070377     -59.6       6.3  12.448
229.117849800  -15.983832500  371-070378       4.7      -5.9  99.999
229.131088900  -15.884194500  371-070379       7.2      -2.7  13.537
229.132998900  -15.855113900  371-070380      -2.2       7.7  99.999
229.137090600  -15.909667300  371-070381      -3.5      -6.0  16.220
229.137447700  -15.886118400  371-070382       9.9      -7.1  99.999
229.150140900  -15.918303400  371-070383      -3.1      -3.9  14.689
229.155953900  -15.956062300  371-070384      -2.3      -1.8  16.327
229.157805300  -15.875747500  371-070385     -11.8      -4.6  14.486
229.158533000  -15.993517000  371-070386       1.5     -11.9  15.448
229.164737700  -15.862383900  371-070387     -19.4       0.8  13.830
229.170565000  -15.897200000  371-070388      -8.4       5.6  16.228
229.174656200  -15.967913700  371-070389      -2.6      -5.0  16.350
229.175819200  -15.833059800  371-070390       2.1      -9.9  12.138
229.176724800  -15.872700900  371-070391      -5.9      -6.3  15.512
229.180752400  -15.833656400  371-070392     -38.4     -28.2  14.993
229.182875000  -15.889188900  371-070393     -14.4     -22.4  16.923
229.188255600  -15.944588700  371-070394      -4.4      -4.6  15.485
229.191117400  -15.969037500  371-070395       0.0       0.0  99.999
229.207172400  -15.832602500  371-070396      -8.5       7.2  99.999
229.220347400  -15.818795900  371-070397     -12.1      -2.1  14.704
229.221559200  -15.978503400  371-070398      -4.5     -10.2  12.123
229.225768000  -15.837895300  371-070399     -17.9       2.7  99.999
229.227079500  -15.910813100  371-070400      -3.2      -6.3  15.975
229.230320300  -15.976936400  371-070401     -27.2     -14.4  14.118
229.232437400  -15.939753400  371-070402      -6.7     -10.1  99.999
229.238683000  -15.953232000  371-070403     -18.3      -4.5  15.538
229.240979500  -15.938730900  371-070404     -10.8      -7.9  17.129
229.243646800  -15.973165300  371-070405      -0.8      -3.7  16.397
229.251160300  -15.867507000  371-070406      -3.8       7.9  14.049
229.251289500  -15.820402500  371-070407       4.4      -2.7  99.999
229.253988300  -15.882589200  371-070408     -14.2      12.7  99.999
229.255686500  -15.810155900  371-070409       1.4     -10.2  13.316
229.262291500  -15.938938400  371-070410      -9.7      -7.8  15.260
229.262324800  -15.802397000  371-070411     -76.1     -24.0  13.980
229.264802100  -15.833546400  371-070412       5.0      -0.7  11.653
229.272162100  -15.875090600  371-070413     -11.9      -4.5  15.173
229.276501200  -15.959012300  371-070414     -14.8       2.0  16.512
229.281295000  -15.919309200  371-070415      -5.0      -2.6  13.681
229.282082100  -15.862940000  371-070416      -4.2       4.6  15.415
229.283607400  -15.946070600  371-070417       2.8      -8.9  15.793
229.292224200  -15.884564800  371-070418      -6.4      -9.5  15.748
229.294190300  -15.907214800  371-070419     -12.2      -9.8  15.384
229.300870600  -15.801658700  371-070420       5.1     -14.4  16.751
229.303096800  -15.967799200  371-070421     -12.1       6.7  99.999
229.303709800  -15.968919200  371-070422     -20.2      23.9  16.179
229.307881200  -15.892278400  371-070423      -8.6      -8.1  16.719
229.310311500  -15.931060300  371-070424      -3.7     -13.4  99.999
229.315589500  -15.933117300  371-070425      -8.9      -9.0  15.991
229.316301200  -15.834021700  371-070426      -8.7      -3.6  15.134
229.318616200  -15.876572500  371-070427      -6.6      -7.3  16.867
229.319842400  -15.850647500  371-070428      -7.5     -11.1  15.945
229.323808600  -15.992299500  371-070429     -13.7       0.7  16.727
229.332740300  -15.998066400  371-070430     -15.3     -12.6  99.999
229.334679500  -15.894456400  371-070431     -62.6    -106.3  99.999
229.335279800  -15.893371200  371-070432      13.1      33.8  15.315
229.339998900  -15.875624800  371-070433      -7.1      -4.7  12.766

229.346431500  -15.982673400  371-070434     -14.8       3.2  13.188
229.350771800  -15.872019500  371-070435     -26.5      -5.2  16.008
229.351592400  -15.837670600  371-070436      -3.7     -14.6  16.439
229.351617700  -15.882938100  371-070437     -16.8       4.8  16.354
229.365005900  -15.829062500  371-070438     -15.7       1.8  13.615
229.370045300  -15.963925300  371-070439       8.5     -34.5  11.687
229.371818600  -15.825208100  371-070440      -6.4      -1.9  14.396
229.379149200  -15.828653700  371-070441      -2.4      -7.7  15.232
229.384532400  -15.908770600  371-070442      -3.0      -8.5  99.999
229.389337400  -15.917052300  371-070443     -37.2      -1.1  13.068
229.389913000  -15.982228900  371-070444      -6.8      -6.1  16.679
229.392117700  -15.843595900  371-070445      -4.8      -8.0  16.828
229.394439500  -15.866975000  371-070446     -11.3     -14.3  15.306
229.396645600  -15.808557300  371-070447     -12.6     -14.5  16.943
229.397925900  -15.837587000  371-070448     -12.1      -1.1  16.371
229.400509800  -15.918923900  371-070449      -7.8      -7.9  15.693
229.408127400  -15.825573700  371-070450       1.8       0.5  15.440
229.411570600  -15.936288400  371-070451       8.4     -34.9  12.845
229.411842100  -15.884488900  371-070452      -7.7      -3.7  12.885
229.412013000  -15.875133100  371-070453      -3.1      13.2  99.999
229.412424200  -15.925963100  371-070454      -2.8       2.3  13.839
229.417973900  -15.880795000  371-070455      -8.6       0.3  99.999
229.419836500  -15.997836200  371-070456      -4.4      -3.4  14.624
229.420553600  -15.857513100  371-070457      -3.4     -16.2  16.931
229.422587700  -15.954264800  371-070458     -30.8     -14.8  15.098
229.427795900  -15.865260600  371-070459      -2.9     -16.2  15.283
229.431171200  -15.808848700  371-070460     -10.7     -11.4  14.169
229.431178600  -15.922185300  371-070461      -3.3      -3.9  16.307
229.432788600  -15.841479800  371-070462      -9.6      -3.1  16.552
229.440827400  -15.863753900  371-070463      -7.7      -6.3  16.889
229.441262400  -15.971322800  371-070464     -25.1      -1.2  15.110
229.443447400  -15.805780900  371-070465      -3.1     -21.9  12.241
229.450651500  -15.919000000  371-070466      -4.2     -19.1  17.215
229.469393300  -15.948641700  371-070467     -43.6      -9.9  15.977
229.472566500  -15.870296700  371-070468       3.9      -3.2  99.999
229.473088600  -15.804369500  371-070469     -11.6      -6.0  16.852
229.473968900  -15.980520000  371-070470     -52.9      55.7  15.217
229.474892400  -15.981596400  371-070471      59.0     -82.3  99.999
229.475444500  -15.826885900  371-070472       1.0       9.1  99.999
229.475575300  -15.830208700  371-070473     -14.8      -6.7  15.269
229.477492700  -15.832638700  371-070474     -17.1     -10.7  15.269
229.487183300  -15.857182800  371-070475     -18.2       8.4  99.999
229.489480000  -15.880582000  371-070476     -49.2      -2.2  99.999
229.494347100  -15.815313100  371-070477      -6.3      -4.9  99.999
229.494435900  -15.810286700  371-070478      -5.2      -2.3  16.646
229.501562700  -15.828996400  371-070479      -2.7      -8.1  15.051
229.513167700  -15.870510600  371-070480      -6.8      -0.4  16.936
229.516537100  -15.994731700  371-070481      -7.4     -10.6  99.999
229.518570300  -15.948918700  371-070482     -10.2       0.3  14.433
229.519292400  -15.821287000  371-070483      -9.8      -5.2  16.590
229.519575600  -15.937063900  371-070484      -2.3       5.5  16.711
229.522520900  -15.924140900  371-070485     -13.9       3.4  99.999
229.523310300  -15.859741700  371-070486  999999.9  999999.9  99.999
229.529548600  -15.920801200  371-070487      -7.3      -6.4  17.068
229.531877100  -15.959511700  371-070488       0.0       0.0  99.999
229.532895900  -15.836473900  371-070489      -9.2       3.1  14.783
229.533680600  -15.947428900  371-070490      -6.1      -1.8  99.999
229.534191800  -15.804913900  371-070491      -1.4      -4.2  16.711
229.548366800  -15.942130300  371-070492       2.7       0.4  16.221
229.559342700  -15.888015600  371-070493     -15.5      -7.3  15.618
229.560204200  -15.929539800  371-070494      -2.9      -0.7  16.420
229.565657400  -15.815969500  371-070495     -16.6      -9.8  15.073
229.566405900  -15.907117300  371-070496      -3.3      -0.8  16.943
229.567532700  -15.954323700  371-070497     -13.6      -7.9  15.795
229.581575000  -15.873796700  371-070498      -2.5     -23.9  13.210
229.590408000  -15.986758700  371-070499      -3.9      -5.7  14.906
229.593886200  -15.979402300  371-070500     -20.2      -9.0  15.638
229.596372400  -15.974321700  371-070501      -4.1       2.6  15.489
229.600171800  -15.942090000  371-070502     -11.9      -6.4  16.885
228.739932100  -15.646950900  372-069562       9.0     -11.2  16.676
228.746305600  -15.701436700  372-069563      -4.4      -2.7  99.999
228.747521200  -15.613342300  372-069564     -23.5      -2.8  14.433
228.763780600  -15.671180000  372-069565     -13.9      -7.8  15.194
228.764889800  -15.672875600  372-069566     -87.6     -64.5  99.999
228.767076200  -15.620072300  372-069567      -7.8      -3.7  15.854
228.771164200  -15.614091400  372-069568     -40.4      -8.6  99.999
228.772500600  -15.743942800  372-069569      -7.6       5.3  15.915
228.778098000  -15.753897500  372-069570       1.3     -14.3  99.999
228.781466800  -15.716279200  372-069571     -15.0      -0.8  15.355
228.782163600  -15.732572800  372-069572       1.5     -28.8  15.477
228.788806800  -15.603568100  372-069573      -5.2     -13.8  15.369
228.794793000  -15.750348100  372-069574      -6.0       3.5  99.999
228.802537100  -15.694370600  372-069575     -11.5      -7.6  16.191
228.803636200  -15.726235900  372-069576      -4.4       2.8  15.891
228.808653000  -15.784909200  372-069577      -3.4       0.1  15.973
228.813418300  -15.714104500  372-069578      -8.0      40.9  15.655
228.814533900  -15.794417300  372-069579     -38.4     -39.8  99.999
228.817612400  -15.677517800  372-069580     -19.0      -3.4  15.846
228.818302700  -15.654666700  372-069581     -10.6       9.0  99.999
228.818476800  -15.752518400  372-069582      -3.5       0.3  99.999
228.820107400  -15.640115600  372-069583     -14.9      -8.0  14.434
228.829765600  -15.644008700  372-069584     -35.4     -26.6  14.013
228.830374200  -15.698318700  372-069585      -4.9       4.5  14.805
228.834553600  -15.666126200  372-069586      -4.8       4.0  99.999
228.838448300  -15.710164800  372-069587       1.4      -9.7  16.886
228.843000600  -15.701811700  372-069588      -6.9     -13.4  16.962
228.846614500  -15.630442300  372-069589     -12.8      -1.4  11.985
228.849547700  -15.646190600  372-069590     -16.6     -13.1  16.780
228.852449500  -15.731798400  372-069591      -5.4      -5.1  16.631
228.856399200  -15.605963400  372-069592     -10.1      -1.9  16.323
228.858100900  -15.718814200  372-069593      -0.8      -0.2  16.463
228.860408300  -15.737305900  372-069594      -8.6       3.8  99.999
228.860778000  -15.699871200  372-069595      21.3     -19.9  14.446
228.860879500  -15.658929800  372-069596      -3.3       0.2  16.501
228.861576200  -15.738694800  372-069597       0.4     -19.6  14.612
228.864300600  -15.716441400  372-069598     -12.5       0.5  15.623
228.865424500  -15.649088700  372-069599     -24.5     -23.8  15.710
228.865943600  -15.648427000  372-069600  999999.9  999999.9  99.999
228.871322700  -15.689645900  372-069601       2.3       2.6  16.908
228.873924800  -15.603924800  372-069602      -9.6       0.2  99.999
228.882373900  -15.770637000  372-069603     -11.5      -6.1  13.679
228.887901800  -15.694135300  372-069604     -11.9      -7.2  14.049
228.889076500  -15.691623700  372-069605     -14.6      -3.9  14.167
228.889459800  -15.796148400  372-069606     -13.3      13.7  99.999
228.892645300  -15.765935000  372-069607       5.6      -6.5  16.547
228.898698000  -15.677126700  372-069608      -4.7       3.4  99.999
228.902380600  -15.671126400  372-069609      -8.4       0.5  16.350
228.906642400  -15.716193400  372-069610       1.9     -10.5  15.764
228.910800300  -15.605588100  372-069611       2.6       4.5  14.633
228.913214500  -15.685210600  372-069612      -2.6      -5.7  16.788
228.915784500  -15.641370000  372-069613      -5.3     -35.1  16.491
228.916247700  -15.667544500  372-069614      26.4     -25.8  15.445
228.924035300  -15.773077000  372-069615     -14.2      11.1  15.788
228.925358900  -15.710944200  372-069616      -1.3      -6.9  15.634
228.926715300  -15.666388100  372-069617      -8.8       3.0  16.604
228.937829500  -15.702190000  372-069618      -6.0       4.6  16.763
228.938789200  -15.758734800  372-069619      -6.5     -10.7  99.999
228.941298600  -15.754383400  372-069620     -54.4     -11.2  99.999
228.941706500  -15.729352500  372-069621      -6.7       3.1  15.330
228.943713300  -15.602906200  372-069622      -9.8       9.4  16.534
228.961379800  -15.739168400  372-069623      -7.4       9.2  16.747
228.965455000  -15.672168100  372-069624       0.0       0.0  99.999
228.967940900  -15.662546400  372-069625       0.3       2.5  99.999
228.969528600  -15.673048100  372-069626       2.7     -18.0  10.993
228.971387700  -15.700725000  372-069627     -10.2       0.5  99.999
228.971687400  -15.733304800  372-069628     -17.2      10.0  16.378
228.973774800  -15.682702000  372-069629     -11.8      -2.0  15.681
228.974410000  -15.745304200  372-069630      -6.0       3.1  99.999
228.974487400  -15.718660900  372-069631     -14.6       7.2  16.597
228.978922100  -15.636557800  372-069632     -12.2      -7.0  16.510
228.985425000  -15.603893100  372-069633      -2.1      -5.4  99.999
228.989594200  -15.726701700  372-069634      -2.3      17.5  99.999
228.990514800  -15.609956700  372-069635     -12.1      -0.4  13.970
229.006042700  -15.663416200  372-069636      -9.6      -3.7  13.310
229.028711200  -15.725925900  372-069637      -0.7      -6.3  99.999
229.031407100  -15.628442000  372-069638       0.0       0.0  99.999
229.032356500  -15.791875000  372-069639     -14.9      -2.1  17.659
229.035879200  -15.711775600  372-069640     -21.2     -24.7  16.621
229.037237400  -15.704419800  372-069641      -0.7      -8.7  99.999
229.038612400  -15.625058100  372-069642      -7.6      -1.8  14.389
229.039294800  -15.719659200  372-069643     -23.8       5.7  99.999
229.040000000  -15.763398900  372-069644     -10.5      -4.5  15.031
229.047879200  -15.789629800  372-069645     -10.9      -6.5  16.742
229.051208300  -15.781802300  372-069646      -6.0      -4.9  15.420
229.051702700  -15.719593400  372-069647      -8.3     -23.0  99.999
229.056304200  -15.637438700  372-069648       1.1       0.6  99.999
229.056342400  -15.618962800  372-069649      72.1    -201.4  99.999
229.060122400  -15.749571700  372-069650     -29.2     -12.8  99.999
229.063551800  -15.775582000  372-069651     -12.5      -4.5  11.580
229.069217400  -15.743989800  372-069652      -2.8      -4.3  14.854
229.070906800  -15.742359200  372-069653      21.8      23.2  14.854
229.074008600  -15.733523900  372-069654     -14.9      -4.1  14.305
229.075412700  -15.658942000  372-069655      -4.4      -2.0  99.999
229.076408900  -15.767808400  372-069656      -4.6      -5.0  99.999
229.076792400  -15.669959800  372-069657     -47.9      -1.2  99.999
229.076972100  -15.783794800  372-069658     -29.7      -3.7  14.928
229.082290000  -15.669593100  372-069659     -44.3       3.5  16.188
229.085259200  -15.708160300  372-069660     -17.8      -2.7  15.339
229.086734800  -15.781785600  372-069661      -2.4      -0.5  16.908
229.089067400  -15.774082800  372-069662     -22.5     -39.4  13.907
229.089598300  -15.761867300  372-069663      -1.3       1.7  14.055
229.094056800  -15.731781200  372-069664      -7.7      10.5  16.837
229.094680900  -15.749448100  372-069665      -9.4     -19.1  16.036
229.099438900  -15.631977500  372-069666       2.0       7.2  15.796
229.104018000  -15.797354800  372-069667       0.5       6.4  15.395
229.107954800  -15.605550300  372-069668     -13.5      -4.6  99.999
229.108997400  -15.609157800  372-069669       9.5     -12.6  99.999
229.121659800  -15.613684200  372-069670      -5.8      -5.2  99.999
229.122405300  -15.791826700  372-069671     -14.2     -17.0  17.352
229.122506500  -15.692038700  372-069672       9.5      -0.2  15.213
229.123464800  -15.640636400  372-069673     -10.3      -5.9  99.999
229.125568900  -15.780343100  372-069674     -13.0       1.8  16.967
229.134280600  -15.785849500  372-069675       6.9     -15.5  99.999
229.137065600  -15.620153100  372-069676     -14.3       4.2  12.753
229.139270600  -15.620515300  372-069677  999999.9  999999.9  99.999
229.139807700  -15.789510900  372-069678     -15.2      10.6  16.249
229.144989200  -15.627175000  372-069679     -29.9     -36.0  15.991
229.149600900  -15.607039500  372-069680      -3.8      -6.6  99.999
229.150969800  -15.669281200  372-069681      -8.3      -9.6  99.999
229.159700600  -15.795223900  372-069682     -50.3     -45.0  14.181
229.165561500  -15.760048900  372-069683       0.2       1.0  16.761
229.167837400  -15.727017300  372-069684     -13.2     -27.4  15.297
229.169501800  -15.735669800  372-069685     -19.6      -1.7  99.999
229.177183900  -15.771794800  372-069686       2.1      -9.7  16.573
229.182387400  -15.650622500  372-069687     -12.2      -2.7  16.180
229.183213000  -15.699829200  372-069688      -1.0      -4.6  99.999
229.189072700  -15.725907300  372-069689      -7.3     -21.6  11.028
229.189852100  -15.765474200  372-069690     -15.1      -7.7  16.475
229.193023000  -15.741277300  372-069691     -12.0      -7.1  15.241
229.193357400  -15.702198900  372-069692       0.0       0.0  99.999

229.195822400  -15.604520000  372-069693     -14.3     -29.5  16.602
229.203174200  -15.654203900  372-069694      -1.7     -18.8  15.470
229.203643600  -15.685847500  372-069695       2.5      -0.7  12.158
229.219855600  -15.759028900  372-069696      -8.9      10.6  99.999
229.236406200  -15.771739500  372-069697     -43.8      -3.5  13.577
229.239220000  -15.648607500  372-069698      -1.6       5.6  15.649
229.239954200  -15.672946200  372-069699     -14.0      -5.1  16.195
229.241785300  -15.713614200  372-069700      -3.1      -2.5  15.177
229.242737100  -15.693697000  372-069701      -6.1      -3.4  15.092
229.245183300  -15.624102300  372-069702     -18.3      -2.3  99.999
229.247520900  -15.626989500  372-069703      -1.7      -5.2  99.999
229.247961800  -15.714760600  372-069704      -1.0      -8.0  16.619
229.250750900  -15.790208700  372-069705      -6.4      -6.7  16.564
229.260765600  -15.661469500  372-069706      -8.7      -6.0  99.999
229.262220600  -15.639057000  372-069707     -27.4       3.0  11.858
229.263688000  -15.656676200  372-069708       0.0       0.0  99.999
229.273173600  -15.727112300  372-069709     -11.1      -3.8  14.827
229.276528300  -15.666904200  372-069710     -16.8       2.7  15.975
229.281630300  -15.621673900  372-069711     -10.7      -2.6  16.250
229.282070300  -15.639117800  372-069712      -3.9       4.6  12.170
229.282133000  -15.710365000  372-069713       4.7      -9.1  14.794
229.286534200  -15.642653100  372-069714      -7.6     -22.2  99.999
229.291697400  -15.735813100  372-069715     -13.1      -1.0  14.307
229.299453600  -15.690631200  372-069716      -4.3     -10.9  16.729
229.301946800  -15.731704500  372-069717     -17.9     -11.2  99.999
229.303747100  -15.771468900  372-069718     -13.7      -1.8  16.954
229.308082400  -15.600882500  372-069719      -6.6      -8.7  16.304
229.314377400  -15.644150300  372-069720      -2.0       0.1  15.540
229.316182400  -15.730039800  372-069721       1.0      -5.1  16.378
229.319032700  -15.646342500  372-069722      -2.9      -3.6  99.999
229.319593900  -15.605195900  372-069723      -8.1       4.0  17.246
229.324718900  -15.663130600  372-069724      -4.8      -4.9  13.722
229.344536500  -15.657663700  372-069725     -12.9      -9.7  17.823
229.347143000  -15.743637800  372-069726      -2.6     -20.9  99.999
229.347252100  -15.754137000  372-069727      -4.2       3.5  14.072
229.348584200  -15.709168900  372-069728     -15.6      -4.3  16.195
229.352523300  -15.773222800  372-069729       3.8      -3.8  14.609
229.359278000  -15.626004800  372-069730     -32.6     -16.7  14.131
229.361110900  -15.677912000  372-069731     -67.9    -101.0  99.999
229.363522400  -15.773340300  372-069732       1.4      -6.7  16.756
229.367263300  -15.612347000  372-069733     -40.6     -12.9  12.245
229.369504200  -15.728052800  372-069734       5.9       2.9  16.803
229.372187400  -15.790311400  372-069735      -5.3       2.7  99.999
229.377278900  -15.726569800  372-069736      -5.8       1.1  17.190
229.379733900  -15.796467500  372-069737      -1.6       5.5  17.394
229.391125300  -15.618538100  372-069738     -12.5     -10.7  16.047
229.397108600  -15.751088400  372-069739      -6.1      -6.6  16.303
229.398683600  -15.623001200  372-069740     -27.1     -13.0  15.707
229.401029200  -15.657630000  372-069741     -10.3      -1.3  14.877
229.401248600  -15.634702800  372-069742     -15.2      -6.0  16.143
229.411518000  -15.757105000  372-069743     -12.5      -0.2  17.327
229.412375900  -15.653342300  372-069744     -16.6      -4.0  16.277
229.423587400  -15.659245900  372-069745       5.8      12.2  15.436
229.444924800  -15.796363700  372-069746       0.9      -5.4  13.677
229.450673000  -15.602872300  372-069747     -23.3       5.4  99.999
229.451892400  -15.759314500  372-069748      -8.2      -3.8  15.809
229.453235900  -15.605712800  372-069749      -9.3     -11.9  99.999
229.456977700  -15.606862500  372-069750      -9.0      -2.0  99.999
229.459015900  -15.799102500  372-069751     -21.4       0.4  16.543
229.460960000  -15.665884500  372-069752      -3.4       5.2  14.205
229.467143600  -15.757442800  372-069753     -14.4      -6.2  99.999
229.468706200  -15.644550900  372-069754      18.8       1.2  15.998
229.469732700  -15.676931700  372-069755     -13.9     -11.6  16.495
229.470508000  -15.756730300  372-069756      -5.9      -7.4  15.836
229.474258900  -15.752789500  372-069757     -10.3      -2.2  13.882
229.475144800  -15.657323900  372-069758     -15.5       1.3  16.171
229.476893300  -15.744083700  372-069759      -6.0      -5.0  12.677
229.492432400  -15.614503700  372-069760      -5.4      -9.3  16.828
229.492702700  -15.664455600  372-069761      12.5      -9.9  17.268
229.501740300  -15.707966200  372-069762     -53.9       0.2  16.762
229.501847700  -15.625181200  372-069763      -3.2      -1.6  16.144
229.507892100  -15.645265900  372-069764     -11.5      -8.3  15.919
229.517219500  -15.699077300  372-069765      -5.8      -4.4  99.999
229.523929200  -15.780948400  372-069766      -6.9     -13.2  16.978
229.532575000  -15.632603700  372-069767       6.3       7.1  99.999
229.539487100  -15.665301400  372-069768     -24.3      16.8  99.999
229.544233000  -15.770542500  372-069769     -19.7      -1.5  14.989
229.546902400  -15.691787300  372-069770      -4.8     -18.0  14.150
229.548182400  -15.624472000  372-069771     -22.2     -15.8  15.815
229.549417400  -15.757521400  372-069772      -4.8     -19.4  15.360
229.550598900  -15.752802000  372-069773       0.0       0.0  99.999
229.553773300  -15.640166700  372-069774      -1.5      -7.6  99.999
229.558570300  -15.658998700  372-069775     -34.9     -12.1  15.694
229.564170000  -15.756160600  372-069776     -10.3       1.4  16.645
229.566788600  -15.626866200  372-069777     -13.4      -8.3  15.927
229.569534200  -15.626457800  372-069778      23.0       3.6  99.999
229.569683900  -15.705201200  372-069779     202.6     157.7  99.999
229.575151500  -15.610783400  372-069780      -3.1     -30.7  16.326
229.575814200  -15.769270000  372-069781     -25.6      -9.6  16.049
229.583804200  -15.771262000  372-069782      13.4     -17.4  12.589
229.585441200  -15.699915900  372-069783      -9.4      -7.7  12.607
229.586048300  -15.639049200  372-069784       1.7       9.6  17.048
229.587107100  -15.667403700  372-069785      -1.0      -2.0  99.999
229.589678300  -15.790486400  372-069786     -11.1       1.0  15.789
228.746389500  -15.463757000  373-071916      -4.7       3.0  14.534
228.747380000  -15.449093700  373-071917      -2.5       5.4  16.441
228.750790300  -15.423355000  373-071918      -2.2     -15.5  99.999
228.755700300  -15.555163900  373-071919     -12.7       2.6  13.739
228.757192700  -15.511283900  373-071920     -17.7      -9.6  15.802
228.757675300  -15.552350000  373-071921      12.7       1.5  99.999
228.758202400  -15.580184200  373-071922      -7.3      -4.4  16.334
228.762821500  -15.518515300  373-071923     -13.3      -2.5  16.118
228.768476200  -15.539865600  373-071924      12.0       3.2  99.999
228.770094200  -15.522789200  373-071925       3.0       3.3  99.999
228.771197400  -15.410714200  373-071926      -2.7       1.9  16.966
228.774843000  -15.561247500  373-071927      -7.5      -3.2  99.999
228.777613000  -15.478547800  373-071928     -12.8      -8.1  99.999
228.782697400  -15.580168400  373-071929      -5.4       8.0  13.262
228.794877100  -15.491290600  373-071930     -12.6      -9.3  16.979
228.797971200  -15.581493900  373-071931     -20.4      -4.7  11.258
228.798177400  -15.588160300  373-071932       6.0     -25.5  13.882
228.798728900  -15.512988900  373-071933      -9.5       4.6  15.791
228.803740300  -15.520463400  373-071934      -9.2      -2.7  14.039
228.806284200  -15.578735300  373-071935       0.0       0.0  99.999
228.808242400  -15.582142500  373-071936  999999.9  999999.9  99.999
228.808752700  -15.496180900  373-071937      -9.9       2.9  16.470
228.811840900  -15.419230300  373-071938      -3.4      -3.6  14.958
228.813098300  -15.586740000  373-071939       0.6      -1.3  99.999
228.826682700  -15.592022500  373-071940      -8.9       3.0  14.229
228.826807400  -15.432917000  373-071941      -1.1       0.9  15.595
228.830090000  -15.525117000  373-071942      -5.7      -2.9  16.358
228.844416500  -15.472722300  373-071943      -4.6      -9.0  99.999
228.844677400  -15.596125900  373-071944     -16.8      -1.7  16.507
228.849210300  -15.524250900  373-071945      -6.1      -3.5  16.268
228.851407400  -15.563259800  373-071946      11.5     -28.5  99.999
228.862442400  -15.555935000  373-071947     -15.4       2.8  17.040
228.864315300  -15.480947500  373-071948      -7.6      -2.0  99.999
228.868525300  -15.411889500  373-071949      -1.9       5.8  15.389
228.868576800  -15.462177800  373-071950      -1.9      -6.2  99.999
228.870131500  -15.523847500  373-071951      -9.3      -4.1  99.999
228.870251200  -15.505052300  373-071952     -20.5      -7.6  13.340
228.871369800  -15.465135900  373-071953     -18.3       1.1  99.999
228.876504200  -15.487537500  373-071954     -13.4      -1.8  99.999
228.882061200  -15.471434200  373-071955       3.4     -17.5  12.871
228.883113900  -15.425096400  373-071956      -1.5      18.1  15.766
228.884594500  -15.545328100  373-071957      -5.0      -5.4  15.900
228.886298300  -15.503157500  373-071958     -10.3       2.7  99.999
228.895562100  -15.552624200  373-071959      -3.2      19.4  16.680
228.898628900  -15.499603100  373-071960     -29.4      -4.6  16.718
228.902830000  -15.476931700  373-071961     -16.1      -2.4  15.961
228.903185300  -15.560810600  373-071962      -5.5       4.2  99.999
228.911185600  -15.497773100  373-071963      -9.1       1.2  16.149
228.918640900  -15.565963900  373-071964      -3.3      21.5  16.347
228.925177100  -15.591305600  373-071965      -3.9      -4.6  16.394
228.925615000  -15.453170000  373-071966      -9.5      -1.4  16.686
228.925817700  -15.406255900  373-071967      -1.9      -2.7  17.024
228.931352400  -15.538683700  373-071968      -8.3       0.3  99.999
228.938494200  -15.451149200  373-071969      17.0      -2.9  16.095
228.941252400  -15.540653900  373-071970     -14.7      -1.6  16.452
228.944661200  -15.551403400  373-071971     -12.1     -10.8  14.502
228.946914500  -15.494471400  373-071972       0.6       3.4  99.999
228.947155600  -15.581999500  373-071973     -10.5      -4.7  99.999
228.948221200  -15.428480600  373-071974      -7.8       0.7  16.339
228.950036500  -15.400543900  373-071975     -20.5      -4.9  14.681
228.957315900  -15.456243700  373-071976     -16.9       7.9  12.819
228.959565300  -15.517290900  373-071977      -9.0     -16.0  99.999
228.959725300  -15.436928400  373-071978     -12.5      -6.3  16.322
228.962114800  -15.559590900  373-071979     106.1     -91.0  99.999
228.962611200  -15.590144500  373-071980     -11.1     -10.2  12.488
228.963922400  -15.476538100  373-071981      -1.1      -5.5  99.999
228.970431200  -15.449609200  373-071982      -5.4      -5.2  14.976
228.970767400  -15.516418400  373-071983     113.8     220.7  99.999
228.971766500  -15.420930300  373-071984     -13.5     -12.7  14.162
228.974557100  -15.430458100  373-071985      -1.9       6.3  99.999
228.975033300  -15.574107500  373-071986     -10.8      10.4  99.999
228.977133900  -15.590901700  373-071987       0.0       0.0  99.999
228.980610600  -15.445142300  373-071988      -6.3       5.6  15.052
228.983048600  -15.404106200  373-071989      12.5     -18.4  99.999
228.986213000  -15.404559500  373-071990     -16.4      -0.2  99.999
228.986983600  -15.484075000  373-071991     -15.4       2.9  15.687
228.987922700  -15.554977300  373-071992     -16.7     -13.7  14.697
228.997005300  -15.453070600  373-071993     -53.4     -22.1  13.292
228.997511500  -15.404781200  373-071994      -8.9       0.1  15.417
228.999911200  -15.484224200  373-071995     -15.0      -1.1  15.967
228.999916200  -15.403059200  373-071996      12.9       9.8  99.999
229.004410900  -15.524347500  373-071997     -44.9     -13.1  12.179
229.005470900  -15.479655300  373-071998      -6.0      -2.3  99.999
229.006250300  -15.545044800  373-071999     114.2     -28.8  99.999
229.010819800  -15.533488700  373-072000     -11.4      22.6  99.999
229.011073000  -15.440827500  373-072001       6.4     -14.1  99.999
229.015042400  -15.456707800  373-072002      -9.6     -16.3  16.575
229.016338600  -15.532958400  373-072003     -35.7       9.7  15.256
229.024039200  -15.545527300  373-072004       3.6      -2.2  15.483
229.025613000  -15.412548100  373-072005      -8.1       0.7  15.422
229.026006200  -15.439463100  373-072006     -12.8      -4.8  14.354
229.032065300  -15.491742300  373-072007      -4.1      -2.6  16.325
229.034515600  -15.561854500  373-072008      12.8     -28.7  16.856
229.037129200  -15.579788700  373-072009      -4.7      -8.1  17.053
229.039560300  -15.446897500  373-072010     -19.8      -5.2  99.999
229.044343600  -15.486822800  373-072011     -16.2       1.8  15.081
229.051348000  -15.515728900  373-072012     -22.5     -33.5  11.277
229.056094800  -15.559271700  373-072013      -2.1       2.3  99.999
229.059514200  -15.511500600  373-072014     -16.5      -7.1  13.749
229.061525000  -15.514065600  373-072015       7.1      -3.7  99.999
229.071965300  -15.499860600  373-072016      -2.9      -2.4  99.999
229.075932100  -15.539805300  373-072017      -3.2     -15.5  11.678
229.092380900  -15.439656200  373-072018     -11.4      -2.4  16.223
229.093111500  -15.501771700  373-072019       5.9     -14.8  99.999
229.098764800  -15.583859500  373-072020     -16.5      -4.3  12.922
229.100840600  -15.471276400  373-072021     -11.1      -4.5  99.999

229.102197100  -15.597790600  373-072022      -8.7      10.2  99.999
229.105983900  -15.477051200  373-072023      -2.9      -0.4  15.393
229.115300300  -15.467466400  373-072024       5.9      -4.9  15.756
229.116153600  -15.544439500  373-072025      23.9       7.2  99.999
229.116693000  -15.586509200  373-072026      -9.8      -4.5  10.689
229.118812400  -15.403371700  373-072027      -5.9      -3.1  99.999
229.120813600  -15.434333700  373-072028     -23.1      -6.6  99.999
229.122595600  -15.513726200  373-072029     -33.1      -1.0  17.509
229.125989200  -15.426376200  373-072030      -5.9     100.9  99.999
229.128482400  -15.522180300  373-072031     -10.3      15.4  99.999
229.137755600  -15.596265300  373-072032       1.3      -2.5  99.999
229.138311200  -15.413695600  373-072033      -6.0      -6.9  15.843
229.141831800  -15.597837000  373-072034     -16.8      -7.2  99.999
229.146475900  -15.553313700  373-072035     -10.8     -11.5  99.999
229.153915300  -15.501608400  373-072036       7.1       2.1  99.999
229.162064200  -15.440174800  373-072037      -5.2      -3.6  16.121
229.164042700  -15.448362800  373-072038      -2.6       3.4  99.999
229.164828900  -15.442562800  373-072039     -11.3      -5.6  16.121
229.165492400  -15.494268700  373-072040      -2.6      -3.9  99.999
229.166540600  -15.537120900  373-072041      -4.4      -6.6  16.083
229.173272400  -15.439725600  373-072042      -9.7      -1.0  15.513
229.173648900  -15.481289800  373-072043     -11.0      -6.2  16.502
229.175081500  -15.507727000  373-072044      -6.5      -9.5  16.599
229.177285600  -15.519868700  373-072045      -2.0       2.6  15.058
229.177656800  -15.562743400  373-072046      -7.0      12.3  17.121
229.178111500  -15.441650300  373-072047      -6.5      -4.6  99.999
229.179882400  -15.413350000  373-072048     -23.7       0.4  99.999
229.180132400  -15.574575000  373-072049       1.7      -0.4  15.527
229.192703300  -15.534197800  373-072050      -7.4       5.9  16.824
229.193416800  -15.422915000  373-072051      -7.5      -2.3  16.982
229.193667100  -15.405450900  373-072052      -6.5       7.2  99.999
229.196477400  -15.494612800  373-072053       0.0       0.0  17.485
229.206337700  -15.516505600  373-072054      -4.2       0.7  99.999
229.224902700  -15.590718700  373-072055     -21.4      -9.6  14.930
229.238693600  -15.575325000  373-072056       0.0       0.0  15.697
229.240133000  -15.512946400  373-072057       0.9       6.7  16.909
229.241464800  -15.561013700  373-072058     -14.0      -2.2  99.999
229.248598600  -15.582930300  373-072059      12.9      20.9  99.999
229.250661500  -15.487523400  373-072060      -0.8      -1.6  15.892
229.253702100  -15.550353100  373-072061     -15.1       7.7  16.767
229.254036800  -15.575770600  373-072062      -1.9       5.9  99.999
229.256551500  -15.577376700  373-072063       3.6       0.2  10.147
229.256803900  -15.494891700  373-072064      -3.3     -13.8  12.727
229.272451200  -15.561805900  373-072065      -5.4      -2.2  16.294
229.280376800  -15.459091200  373-072066      -5.8      -8.7  99.999
229.284167400  -15.462604200  373-072067      -7.0     -19.0  14.698
229.294619800  -15.441207800  373-072068      -6.5      -4.8  16.357
229.300336200  -15.481232800  373-072069      -4.7      -1.2  99.999
229.305507400  -15.491735300  373-072070     -28.3      -9.1  17.273
229.307986200  -15.468205900  373-072071       5.5      -7.1  14.410
229.309966200  -15.422772300  373-072072      -1.0       4.8  15.758
229.312231500  -15.409501400  373-072073     -21.2     -15.0  99.999
229.313788000  -15.537886700  373-072074     -21.0      -6.8  16.628
229.315189800  -15.482482500  373-072075       0.0       0.0  99.999
229.315884800  -15.417002300  373-072076      15.0      -9.1  17.010
229.321790300  -15.563341400  373-072077     -10.0      -2.0  15.864
229.324852400  -15.451014200  373-072078     -16.2      -3.7  17.031
229.332069500  -15.513286400  373-072079     -15.2      -1.5  15.573
229.339652100  -15.410193100  373-072080       7.0       4.0  16.665
229.340404500  -15.451550300  373-072081       4.7      -6.7  14.079
229.341266500  -15.549827000  373-072082     -15.0      -4.8  17.086
229.347181200  -15.499938400  373-072083     -17.3      -1.1  16.660
229.352418300  -15.430102800  373-072084      -4.4      -0.6  14.818
229.353367100  -15.547891200  373-072085     -20.5      26.7  99.999
229.354405600  -15.549933400  373-072086       3.2     -11.5  15.198
229.356998300  -15.487091200  373-072087      -3.7       7.1  99.999
229.362955000  -15.425931400  373-072088      -3.5      -6.1  14.455
229.364142400  -15.463260600  373-072089      -5.6       0.2  16.483
229.368435600  -15.546503700  373-072090       8.9      -7.9  16.808
229.370461200  -15.514630900  373-072091     -11.2      10.8  17.081
229.397118600  -15.431560600  373-072092      -5.9      -8.4  16.524
229.398757700  -15.450093100  373-072093     -16.4      -4.1  13.240
229.398942700  -15.413385900  373-072094      -4.3     -12.6  17.485
229.407530300  -15.569219800  373-072095     -11.5      -4.8  15.729
229.410246800  -15.597891700  373-072096     -13.5       7.0  11.770
229.417173300  -15.502595600  373-072097      -9.6      13.7  15.442
229.417557100  -15.494285900  373-072098      -6.1      -4.5  99.999
229.420413000  -15.421333700  373-072099      -2.8       2.8  16.071
229.421092400  -15.518968400  373-072100     -17.3      -3.7  16.065
229.424603300  -15.411938100  373-072101     -12.1      -8.2  15.141
229.427478600  -15.559023100  373-072102      -5.8     -22.3  16.542
229.432897700  -15.577139800  373-072103     -17.7      15.2  14.559
229.441215900  -15.479135900  373-072104      -2.0     -12.4  16.467
229.443126500  -15.414813700  373-072105       6.0      -1.3  14.970
229.444178300  -15.424905600  373-072106     -11.4       8.9  16.116
229.450040900  -15.549402500  373-072107       7.6      -5.9  14.661
229.450440300  -15.429202300  373-072108     -35.2      -2.1  13.576
229.450865000  -15.481263100  373-072109      11.4     -12.8  17.220
229.453977400  -15.488468100  373-072110     -11.1     -19.8  14.712
229.459532700  -15.524947000  373-072111     -15.2      -0.4  16.990
229.460870900  -15.460722300  373-072112     -12.6       3.6  14.797
229.466053000  -15.403828400  373-072113      -5.2      -5.9  13.499
229.469675600  -15.591822800  373-072114      -3.5      -5.5  15.324
229.472889500  -15.437214800  373-072115      -0.6       1.6  16.017
229.474042700  -15.509862300  373-072116     -25.9      -2.4  16.474
229.475132400  -15.488194500  373-072117     -23.8      -3.6  14.793
229.476337400  -15.568002300  373-072118     -24.9       7.7  16.071
229.477948600  -15.581855300  373-072119     -21.5      -2.2  15.664
229.483966200  -15.579236200  373-072120     -16.3      -6.4  14.863
229.485513900  -15.568179500  373-072121  999999.9  999999.9  99.999
229.492930000  -15.596765000  373-072122      -9.3      -3.8  16.623
229.501731200  -15.597837800  373-072123      -2.9     -18.0  16.497
229.508996800  -15.500506200  373-072124      -7.5      39.5  99.999
229.516351200  -15.574468700  373-072125     -15.4       2.6  99.999
229.520392400  -15.494651700  373-072126     -15.5      -4.1  16.686
229.520396200  -15.589621400  373-072127     -11.1      -9.3  99.999
229.520508900  -15.427423400  373-072128      -9.8      -8.4  99.999
229.523392700  -15.445665000  373-072129     -26.1       2.5  14.651
229.524027400  -15.529084200  373-072130      -9.0      -3.9  16.553
229.528385000  -15.468719200  373-072131     -18.7      -0.7  17.286
229.529456800  -15.584642500  373-072132      -4.4     -10.3  15.364
229.530703300  -15.575440000  373-072133      11.4       3.9  15.785
229.531216800  -15.493189500  373-072134     -16.6       6.2  15.229
229.535179800  -15.547653100  373-072135      -8.2      -6.0  16.587
229.541442400  -15.411668900  373-072136      -3.0      -4.7  14.049
229.544602100  -15.587764800  373-072137      -2.3      -0.8  16.188
229.548402100  -15.530194800  373-072138      -9.2     -62.6  12.069
229.555958300  -15.502942500  373-072139      -0.5       5.8  13.966
229.557380300  -15.541807800  373-072140      -0.5      -5.0  13.449
229.563480900  -15.433726400  373-072141      -8.1       7.1  15.372
229.564749200  -15.440497800  373-072142      -9.2     -13.4  15.788
229.568600300  -15.557680000  373-072143      -2.7      -7.1  99.999
229.571522100  -15.435658700  373-072144      -4.3      -5.9  16.545
229.580581200  -15.505028100  373-072145      -0.7      -7.0  16.147
229.582679200  -15.490918700  373-072146     -16.8     -45.5  16.702
229.589793300  -15.482239800  373-072147     -29.4     -12.0  15.001
229.591060600  -15.484157000  373-072148     -11.7     -15.9  15.001
229.593883600  -15.595813900  373-072149      -2.6      -4.0  17.273
229.594855000  -15.503290300  373-072150      23.8       2.9  99.999
229.598910600  -15.437798900  373-072151     -18.9      -7.1  14.913
228.741924200  -15.217064200  374-070255     -21.3      -9.0  16.412
228.745592700  -15.356947300  374-070256     -15.2      -5.1  14.363
228.745616800  -15.349279800  374-070257       3.4     -17.7  12.025
228.753242400  -15.296545300  374-070258     -14.4     -11.9  99.999
228.754852100  -15.272786200  374-070259     -13.1      -3.5  13.605
228.757393900  -15.332827000  374-070260     -10.1       2.5  12.665
228.768137400  -15.305586700  374-070261     -14.2       2.5  14.459
228.769913600  -15.215167500  374-070262      13.2      -3.0  99.999
228.773348900  -15.265428400  374-070263     -11.3     -17.1  15.609
228.781000000  -15.232323900  374-070264      -6.3       4.5  99.999
228.785561500  -15.367466400  374-070265     -13.4      -7.0  16.297
228.796327700  -15.244279500  374-070266     -63.1      84.1  99.999
228.801256200  -15.325919500  374-070267       0.0       0.0  99.999
228.805300000  -15.344050300  374-070268      -6.6      -6.2  16.657
228.814965300  -15.378570600  374-070269     -25.6     -28.2  14.087
228.819636200  -15.278015300  374-070270     -17.6     -12.1  14.498
228.823191500  -15.264472800  374-070271     -33.3     -41.4  14.325
228.834393600  -15.278432500  374-070272      -6.5      -9.4  99.999
228.842950600  -15.269665000  374-070273     -14.8      -6.1  15.747
228.853315300  -15.358005600  374-070274     -12.1      -3.8  15.676
228.855747400  -15.365252300  374-070275     -15.0       0.4  13.644
228.862645900  -15.226913900  374-070276      -7.8      -1.4  15.774
228.863690300  -15.279161400  374-070277      -6.1      -9.4  16.290
228.864070300  -15.294670300  374-070278     -11.7      -6.3  99.999
228.867401200  -15.204378900  374-070279     -27.6      16.0  99.999
228.870175600  -15.361038900  374-070280     -12.7      -3.8  15.096
228.872419200  -15.314758100  374-070281       1.1      -5.0  15.925
228.872717400  -15.231803900  374-070282     -15.0       3.9  15.540
228.879826500  -15.219752300  374-070283      -2.5     -13.2  16.251
228.879911500  -15.246891200  374-070284     -21.2       5.4  16.079
228.885181800  -15.306320300  374-070285      12.6       5.5  99.999
228.895786500  -15.221160000  374-070286     -11.3       0.5  99.999
228.900970300  -15.294630900  374-070287     -15.7       6.0  15.249
228.908983000  -15.354832800  374-070288      -3.6      -7.7  15.916
228.910877400  -15.244218100  374-070289     -18.7       0.0  13.900
228.916247100  -15.216263900  374-070290       2.0      -0.1  13.797
228.923396200  -15.328045900  374-070291      -7.1       1.5  14.766
228.925226200  -15.348314200  374-070292      -9.6      -5.9  17.041
228.927341200  -15.339985600  374-070293      -9.0      10.8  15.820
228.934558000  -15.214480000  374-070294      -1.4      -5.3  16.878
228.940834500  -15.355939800  374-070295      -4.5       4.8  14.906
228.945198600  -15.315580300  374-070296      -6.3      17.5  14.540
228.949866200  -15.295738700  374-070297       2.7      -4.2  13.082
228.952299200  -15.303058100  374-070298      -7.1     -11.3  16.273
228.959298600  -15.293148700  374-070299     -10.2      -3.9  16.734
228.959359200  -15.249915900  374-070300       5.1      -3.2  13.704
228.962940900  -15.237038700  374-070301      -4.0      -1.8  15.557
228.974235000  -15.298519800  374-070302     -20.1     -41.8  11.926
228.979695300  -15.276906700  374-070303     -11.7      -3.1  14.329
228.984304800  -15.392662800  374-070304     -17.3      -6.2  15.308
228.985382400  -15.340574500  374-070305      15.3      -6.7  15.608
228.986571800  -15.207183400  374-070306     -21.1      -7.6  13.990
228.990184800  -15.312037500  374-070307      -2.4     -13.7  12.758
228.991849500  -15.300260900  374-070308      -6.1     -20.0  15.581
228.993959200  -15.214552500  374-070309     -11.0       7.0  16.489
228.995997700  -15.277795900  374-070310      -1.5     -10.5  17.145
228.996179200  -15.369351200  374-070311     -11.6       7.3  16.297
228.999380300  -15.252555000  374-070312      -9.8       1.8  14.801
229.001945300  -15.379772300  374-070313       0.3      -9.1  99.999
229.010693000  -15.258644500  374-070314     -10.7      -2.3  16.255
229.010758000  -15.322616200  374-070315      -6.8      10.0  99.999
229.017203000  -15.203120900  374-070316     -10.9      -4.4  99.999
229.018472400  -15.303871700  374-070317     -19.2       0.4  14.362
229.018878600  -15.325108700  374-070318      -5.7       4.9  16.718
229.022919200  -15.276228900  374-070319     -11.0      -6.2  99.999
229.025847700  -15.341555600  374-070320      -5.3      10.2  99.999
229.029340900  -15.241422000  374-070321      -7.1     -14.8  99.999
229.033474800  -15.278115300  374-070322       0.2       2.6  14.594
229.046719500  -15.214142300  374-070323     -12.9      -8.3  99.999
229.050403600  -15.208823400  374-070324     -10.9      -4.6  12.794

229.050535000  -15.338723400  374-070325      -5.5       3.1  14.870
229.051735300  -15.236494200  374-070326      -6.4       2.6  13.730
229.053193300  -15.325822500  374-070327       3.5      -5.0  16.765
229.061389200  -15.337396200  374-070328      -5.6       8.0  14.863
229.062660600  -15.362373700  374-070329      -6.3      -0.2  99.999
229.067473900  -15.348729200  374-070330       3.0       0.5  15.608
229.072329200  -15.378020600  374-070331      -4.9      -3.8  15.900
229.075985300  -15.338743100  374-070332     -13.5       8.1  15.992
229.080939200  -15.258184800  374-070333      -9.2     -13.2  17.115
229.088465000  -15.227132300  374-070334      -0.6     -10.1  15.339
229.088716500  -15.233621400  374-070335      -0.6      -1.6  99.999
229.090043600  -15.217803900  374-070336      -1.3      -1.3  99.999
229.096910300  -15.328447500  374-070337      -2.9      -5.2  15.485
229.097044800  -15.300316700  374-070338      -6.6     -17.5  99.999
229.105167400  -15.218294200  374-070339      -0.2       1.9  99.999
229.115686500  -15.237823100  374-070340      -6.7      -3.4  16.714
229.116325600  -15.317142000  374-070341     -22.5       3.6  15.062
229.130978300  -15.308125900  374-070342      -9.6      -6.7  15.204
229.137512400  -15.330988700  374-070343     -13.8      -9.2  15.461
229.138155600  -15.249353400  374-070344      -7.7      -6.3  99.999
229.145992100  -15.209201700  374-070345     -16.3     -25.8  12.664
229.151053300  -15.288057500  374-070346     -41.5      -8.8  99.999
229.152438000  -15.234730900  374-070347     -31.2       4.6  14.212
229.153617100  -15.371554500  374-070348     -14.7       3.9  16.452
229.158499500  -15.286244800  374-070349     -61.1      -8.1  14.873
229.158768900  -15.227423100  374-070350      -9.7       5.3  15.453
229.172662400  -15.319576700  374-070351      -6.3     -14.9  15.205
229.173137700  -15.363318100  374-070352     -13.5      -2.9  14.914
229.177623300  -15.267998400  374-070353       2.5      -4.5  16.942
229.186855300  -15.213703900  374-070354     -18.1     -31.4  15.447
229.192818600  -15.317617500  374-070355      -4.2       2.4  16.351
229.200692100  -15.247292500  374-070356     -26.0     -10.9  99.999
229.201047700  -15.284102800  374-070357       3.9     -10.1  99.999
229.201856800  -15.243974200  374-070358      -5.2      -2.7  99.999
229.204847100  -15.254889200  374-070359     -12.4       4.9  16.844
229.217141500  -15.241802000  374-070360     -14.4     -19.7  16.088
229.227140600  -15.235022000  374-070361     -14.4     -16.4  15.738
229.253731500  -15.285899800  374-070362  999999.9  999999.9  99.999
229.258537100  -15.371053700  374-070363      -1.1      -5.3  15.996
229.273622400  -15.268217000  374-070364      -4.2       2.8  16.129
229.277271500  -15.212916700  374-070365     -12.1     -12.2  99.999
229.282077400  -15.306898700  374-070366       0.0       0.0  99.999
229.284865600  -15.210644800  374-070367     -14.3       3.9  16.905
229.294424800  -15.289524800  374-070368      -0.3      -1.8  99.999
229.299356500  -15.398963400  374-070369     -10.0       0.3  16.864
229.300945900  -15.231281200  374-070370      11.3      -0.1  16.326
229.308921800  -15.305190300  374-070371      -1.5      -5.4  15.178
229.309835900  -15.322543400  374-070372      -8.5     -21.1  16.675
229.312664200  -15.219478400  374-070373    -107.8     -13.7  99.999
229.314377400  -15.236974800  374-070374     -16.1      -3.3  16.986
229.316581200  -15.295441700  374-070375      -6.4      -5.6  15.718
229.317477100  -15.211144500  374-070376       3.6       0.8  15.583
229.318441800  -15.205466200  374-070377      -8.0     -13.3  15.590
229.322547400  -15.212862500  374-070378     -33.3     -39.7  99.999
229.325922400  -15.392827800  374-070379     -10.5      -2.6  16.529
229.328124500  -15.318437500  374-070380     -22.1     -13.7  99.999
229.332155600  -15.315493900  374-070381     -15.1     -15.0  99.999
229.343227100  -15.236328700  374-070382      -9.3       8.0  15.487
229.353598300  -15.257805000  374-070383     -17.8      -2.0  16.189
229.356309200  -15.228248400  374-070384      -9.4      -4.0  99.999
229.357657400  -15.265150000  374-070385      -9.2      -7.9  16.132
229.361167400  -15.219077500  374-070386  999999.9  999999.9  99.999
229.368426500  -15.200705600  374-070387      -2.4      -7.6  99.999
229.370448600  -15.251873900  374-070388     -11.0     -26.1  14.335
229.377104800  -15.379648400  374-070389      -2.6       2.9  16.490
229.387796500  -15.355166700  374-070390       4.1     -16.7  13.892
229.387895900  -15.309558700  374-070391      -3.1     -18.3  17.034
229.388073000  -15.247493700  374-070392      -0.8      -2.9  99.999
229.392450600  -15.284246200  374-070393      -7.1       1.1  16.053
229.394750000  -15.219008100  374-070394      -9.3      -2.7  99.999
229.397183300  -15.385499800  374-070395      -8.3      -5.1  16.219
229.431105900  -15.271827000  374-070396      21.1      -5.0  10.670
229.435506800  -15.392274200  374-070397      -1.5      -5.5  15.917
229.440904800  -15.216042300  374-070398     -10.2       8.7  16.379
229.444946800  -15.267076400  374-070399     -12.3       6.3  16.770
229.451548600  -15.307909200  374-070400     -22.2      10.3  15.135
229.455884200  -15.311047500  374-070401      12.3      -6.4  99.999
229.458031800  -15.288271200  374-070402      -6.3     -18.1  15.503
229.461553000  -15.275254200  374-070403     -10.8     -22.0  15.949
229.464743600  -15.325726200  374-070404       4.9       3.4  99.999
229.464755600  -15.373670600  374-070405       3.4     -23.1  15.377
229.469552400  -15.236798900  374-070406     -10.0      -9.3  13.499
229.470203600  -15.267476700  374-070407     -10.9      -0.4  16.724
229.473377100  -15.254039800  374-070408      -7.4     -11.3  15.682
229.478148300  -15.265499800  374-070409      -8.1     -19.8  17.115
229.480531800  -15.241178100  374-070410       0.9      -4.0  17.105
229.480626800  -15.371933100  374-070411     210.7    -217.0  99.999
229.483842100  -15.299862800  374-070412      -7.4     -23.8  14.874
229.488745600  -15.340136200  374-070413      -3.6      -0.3  16.509
229.489719500  -15.287102500  374-070414      -9.2      -8.6  99.999
229.491996800  -15.348743900  374-070415     -27.9     -11.4  13.545
229.497818900  -15.358731200  374-070416     -10.3      -8.0  16.342
229.502187400  -15.299688400  374-070417       1.0      -5.8  99.999
229.503852400  -15.238692300  374-070418       7.0     -25.2  14.794
229.506720600  -15.290204800  374-070419      -9.5      -9.2  16.139
229.511900600  -15.259723400  374-070420     -36.2     -15.3  99.999
229.515824800  -15.235406700  374-070421      -3.0      -9.1  16.322
229.515923900  -15.337508100  374-070422      15.0     -14.2  15.616
229.517141800  -15.218026400  374-070423      -8.1      -6.2  14.725
229.522682400  -15.234591700  374-070424      -5.2      -2.0  99.999
229.523721500  -15.239683700  374-070425      -2.9      -9.7  99.999
229.525107400  -15.263275300  374-070426      -4.0      -1.1  16.378
229.526428900  -15.212360300  374-070427      -0.4     -25.5  16.834
229.526902700  -15.202304200  374-070428      -3.1       1.3  99.999
229.528704500  -15.236848700  374-070429     -17.7      -7.0  99.999
229.530900900  -15.287415900  374-070430     -12.8      -9.8  17.034
229.533048000  -15.378023700  374-070431     -62.0      31.7  15.371
229.533250000  -15.333258400  374-070432     -11.5      -1.5  15.782
229.533647400  -15.255563900  374-070433     -15.0       0.3  99.999
229.534197400  -15.391294800  374-070434       2.8      -4.0  99.999
229.538070900  -15.388809200  374-070435      -5.3       0.0  99.999
229.538892100  -15.218279500  374-070436      -7.5       3.8  99.999
229.539943600  -15.251699800  374-070437      -7.6      -7.8  16.242
229.540136800  -15.373640600  374-070438     -16.0       2.0  99.999
229.540897400  -15.209041400  374-070439     -14.0      -5.1  16.398
229.541304500  -15.388604200  374-070440     -11.7      -4.2  99.999
229.541833000  -15.244850900  374-070441     -11.1       4.4  16.137
229.543473000  -15.229520900  374-070442     -15.6       0.3  99.999
229.544883300  -15.254165900  374-070443      -4.5      -8.8  99.999
229.548898900  -15.257115000  374-070444      -9.1      -5.1  15.473
229.554383300  -15.366028100  374-070445     -21.3      -7.5  99.999
229.555203300  -15.378583400  374-070446     -10.6     -11.1  15.937
229.559759800  -15.355802800  374-070447     -41.3     -36.7  17.976
229.560992100  -15.298585000  374-070448      -9.1      -8.4  16.269
229.567278900  -15.306403400  374-070449      -8.9      -9.6  16.809
229.570827400  -15.339973400  374-070450     -10.6      -5.7  99.999
229.576005300  -15.343338900  374-070451      13.0      -4.7  12.430
229.577056800  -15.248793700  374-070452      -8.8     -11.5  16.418
229.577655900  -15.355030300  374-070453       4.8       1.2  99.999
229.578012400  -15.236094200  374-070454    -105.3    -106.0  16.560
229.583735600  -15.396757000  374-070455      -0.7     -10.0  99.999
229.584826500  -15.318093700  374-070456      -0.4     -10.2  99.999
229.586880000  -15.320940600  374-070457      -6.5      -3.7  99.999
229.590147100  -15.263840300  374-070458      -6.6      -9.3  99.999
229.594805600  -15.356110900  374-070459     -16.4      -2.8  13.562
229.597500300  -15.360572500  374-070460      -9.9      -8.5  99.999
229.239347700  -15.199944500  375-071420      -1.1     -15.0  99.999
229.435736500  -15.199202800  375-071459     -11.7     -13.9  15.160