     932.775    1547.140
    1659.866      75.793
    1848.553    1781.042
     761.473    1853.926
    1655.053     365.125
     468.315    1540.778
    1655.044     380.919
    1655.033     406.328
    1655.059     424.419
    1528.286     288.806
    1655.055     444.481
    1655.081     449.954
    1655.083     493.101
    1655.009     520.103
    1655.029     548.169
     359.621    1817.329
    1508.631     644.331
    1655.057     622.073
    1655.699     683.559
     338.180     632.180
    1655.126     698.627
    1654.213     717.865
    1655.182     747.545
    1124.344    1665.401
    1656.502    1348.347
    1654.865     777.278
    1655.021     816.665
    1654.943     838.309
    1654.942     790.866
    1556.439    1075.301
      72.418      83.267
    1655.187     923.513
    1655.141     866.127
    1654.966    1029.126
    1654.949     972.093
      27.932     645.656
    1655.069     884.122
    1655.021     914.304
    1655.089     988.795
    1655.225     951.084
    1655.092    1065.889
    1655.114    1279.036
    1655.821    1343.294
    1655.063    1259.701
    1655.075    1428.167
    1655.466    1049.937
      24.568     645.353
    1654.902    1141.877
    1655.019    1013.031
    1655.138    1456.502
    1655.093    1724.997
    1654.886    1400.952
    1655.106    1164.523
    1654.517    1082.429
    1655.534    1058.433
    1655.058    1482.855
    1654.757    1298.920
    1654.975    1445.443
    1655.246    1751.987
    1655.209    1753.100
    1654.926    1415.306
    1655.019    1643.788
    1654.742    1119.690
    1655.354    1521.110
     853.677    1608.471
    1654.960    1546.192
     957.295     771.481
    1655.192    1625.468
    1654.576    1230.829
    1655.109    1703.117
    1655.273    1715.348
     437.629    1562.211
    1702.586      47.360
    1655.044    1815.304
      43.645     791.222
    1654.138    1848.070
    1653.832    1776.107
      17.090     221.526
     141.437     555.245
    1314.378     847.375
    1654.993    1877.801
    1082.324     741.488
    1864.865     307.820
    1865.002     306.137