YFwb050090_2.fits  501  2013  2  5  16  54  36.7 30.000000
    1354.008    1366.249
     204.070    1698.314
    1581.251     825.376
    1314.203     275.767
    1012.660     313.732
     945.667     276.214
    1224.158    1213.233
      47.064     272.032
    1286.460     984.322
    1681.345    1754.222
    1126.653    1714.382
YFwb050092_2.fits  510  2013  2  5  16  56  34.1 30.000000
    1372.363    1797.061
     735.896     283.957
    1833.560     249.302
    1259.050      61.544
    1587.421    1243.724
    1320.705     694.445
    1405.076     353.986
    1341.076      21.450
    1019.749     731.901
     425.001     625.632
     951.339     694.461
    1231.018    1631.477
     694.259     206.561
      52.803     690.148
    1292.434    1404.119
    1090.397    1392.315
    1267.206     832.769
    1391.371    1167.498
    1369.211    1584.427
YFwb050095_2.fits  446  2013  2  5  16  59  24.0 30.000000
     744.836     916.751
    1843.334     881.455
    1268.962     693.689
    1037.812     360.093
    1596.344    1875.886
    1350.463     653.838
    1303.704      42.568
    1028.623    1365.043
    1414.852     986.493
    1330.007    1326.908
     433.628    1258.351
     960.457    1327.113
      62.051    1322.873
     602.423    1441.151
YFwb050096_2.fits  493  2013  2  5  17  0  10.5 30.000000
     271.465      32.988
    1868.139      84.937
     746.879    1125.481
    1845.609    1090.061
     225.802      28.015
    1711.238      36.122
    1270.913     902.651
    1694.426      31.485
    1040.153     568.831
     428.564     608.097
    1723.212     113.645
     113.130     137.416
    1306.058     250.787
    1352.474     862.310
    1331.738    1535.688
    1030.349    1573.486
    1417.238    1195.593
      20.766     118.185
     436.536    1467.410
     963.266    1536.762
     152.161      44.010
      64.148    1531.106
    1478.802      13.472
    1277.239    1673.797
     928.084     299.058
