No         x              y               H          Magnitude    Background       SD
1         1496.401        913.927             868011.420407    10.153686   9882.645682    3.723940
2          529.716       1478.270             502341.874484    10.747502   9849.797961    3.007138
3          779.938       1662.007             152104.992696    12.044641   9833.715938    2.874752
4         1413.138         30.640             150251.325873    12.057954   9869.760278    2.830362
5          833.552         78.468              79997.308639    12.742312   9828.241766    2.788382
6         1073.693        314.081              77072.336551    12.782754   9839.239265    2.769599
7         1307.409       1642.673              59443.093529    13.064746   9827.938760    2.908926
8          128.645        116.670              50864.673158    13.233959   9825.831054    2.755639
9          871.801        836.563              49172.073402    13.270704   9839.333232    2.889418
10         128.332        647.550              46946.185984    13.320999   9834.457699    2.785662
11         262.677        564.717              45047.472390    13.365824   9833.164409    2.786792
12        1130.433        889.601              43381.397687    13.406741   9839.635363    2.865343
13        1064.519       1088.970              30913.115237    13.774643   9838.409169    2.980865
14         668.208        550.827              29867.696955    13.811996   9834.104524    2.812748
15         366.201       1553.576              29025.344126    13.843057   9832.121726    2.843732
16        1878.122        236.427              27953.555356    13.883907   9866.684312    2.832443
17         575.085        799.357              26892.729031    13.925913   9838.503728    2.839365
18          17.569       1479.584              26670.835459    13.934908  10009.683168    2.832722
19         882.072       1070.077              26091.726447    13.958743   9838.150611    2.887586
20         194.125        956.276              25721.344040    13.974266   9831.839009    2.924648
21        1006.406        897.743              25162.180886    13.998129   9836.212641    2.878533
22         479.975        859.118              24050.862441    14.047173   9834.444335    2.811462
23         423.872        425.859              23923.833256    14.052923   9832.635384    2.770834
24         384.793       1131.890              23010.632007    14.095179   9837.307439    2.829486
25         458.923        566.648              22540.419573    14.117595   9833.662949    2.827704
26        1056.568       1369.164              22448.281847    14.122042   9833.885295    2.882066
27         497.090       1048.545              20321.957465    14.230086   9836.245605    2.863114
28         664.036        220.907              20025.853243    14.246022   9828.214922    2.762724
29         771.257        822.868              18857.244907    14.311304   9837.418754    2.865759
30         895.878        842.211              18701.409876    14.320314   9839.793004    2.894834
31        1443.630       1204.562              18346.540787    14.341115   9835.598334    2.898883
32        1746.035        877.471              18083.860277    14.356772   9834.980819    2.833530
33         515.151       1336.712              17927.419785    14.366206   9835.530967    2.862814
34        1297.713        154.049              17553.266303    14.389105   9831.118767    2.773553
35          37.576       1459.921              17234.278196    14.409017   9836.525989    2.843267
36         176.757       1861.585              16305.714750    14.469150   9821.964918    2.866048
37        1883.253         96.120              15712.177528    14.509409   9887.942056    2.853375
38          31.464        686.456              15253.594447    14.541570   9846.482410    2.765281
39        1745.200       1766.758              14732.298940    14.579324   9825.359866    2.909084
40        1134.991       1209.994              14540.376041    14.593561   9833.676045    2.983009
41        1534.400        817.343              14485.310049    14.597681   9849.265734    2.822218
42         440.754        436.632              13908.835461    14.641773   9837.573671    2.779602
43        1843.196        812.971              13307.548511    14.689755   9832.304097    2.786093
44         571.234        731.921              13129.920054    14.704345   9840.561145    2.834169
45         727.434       1334.340              12750.893193    14.736148   9833.293465    2.885206
46        1161.590        208.773              12444.227762    14.762580   9832.380733    2.774426
47          67.588       1552.550              11954.135057    14.806205   9827.036556    2.853822
48        1491.485       1429.606              11801.965020    14.820114   9833.059517    2.928612
49         321.918       1456.258              11653.048689    14.833901   9832.331709    2.854879
50         229.277       1805.921              11185.176456    14.878393   9822.164620    2.864891
51        1709.366        623.596              10503.437211    14.946671   9830.909976    2.814487
52         392.199       1026.524              10355.394051    14.962083   9836.812910    2.855582
53        1866.110       1593.119              10004.542551    14.999507   9838.197736    2.865363
54         477.111        544.049               9897.938903    15.011138   9835.979990    2.797515
55        1573.102       1380.232               9831.293769    15.018473   9834.580227    2.875302
56         336.927       1162.453               9313.687302    15.077196   9837.234548    2.835360
57        1186.811       1821.198               9240.009934    15.085819   9824.490046    2.889797
58        1121.253         61.162               9219.968151    15.088176   9828.955121    2.794547
59        1791.979       1848.618               9139.457079    15.097699   9822.514614    2.886889
60         613.555        768.403               9015.471415    15.112529   9839.926423    2.860692
61         393.621        190.146               8661.256660    15.156048   9830.315594    2.725280
62          85.236        161.877               8641.827972    15.158486   9828.859027    2.764551
63         925.893       1026.750               8201.542954    15.215261   9842.499275    2.903230
64         165.652       1471.009               7957.505701    15.248058   9826.843921    2.852945
65        1452.980         85.225               7901.781240    15.255687   9832.894626    3.096887
66        1037.974        262.916               7520.611858    15.309367   9835.820449    2.763285
67        1663.441       1542.679               7432.140807    15.322215   9829.409039    2.840777
68         188.456         81.214               7247.670022    15.349504   9824.447628    2.785098
69        1111.757        318.828               6843.465494    15.411810   9837.875245    2.800411
70        1023.616         24.677               6836.840837    15.412861   9829.429646    2.767853
71         919.641       1226.166               6610.264453    15.449453   9837.156886    2.898442
72         198.172        142.890               6442.983713    15.477282   9829.013266    2.762665
73        1449.600        826.038               5947.924594    15.564086   9847.913918    2.854068
74         612.058       1819.879               5929.153577    15.567518   9827.620249    2.887275
75        1495.941        984.757               5810.824025    15.589406   9848.689494    2.891676
76        1352.766        857.248               5669.886508    15.616064   9840.325613    2.852650
77        1555.731       1375.588               5496.686876    15.649748   9833.260658    2.882647
78         241.979        543.979               5354.322520    15.678239   9832.002885    2.802977
79         385.315       1215.038               5331.210726    15.682935   9829.923122    2.851526
80         523.819       1086.795               5322.101711    15.684792   9839.020081    2.857648
81        1055.301        713.613               5209.649868    15.707979   9837.975056    2.833265
82         348.892        701.856               5148.332904    15.720833   9835.043179    2.799729
83        1103.124       1481.738               5148.249208    15.720851   9834.827210    2.971202
84           7.582        388.558               5146.220867    15.721279  10911.833333    2.048185
85        1325.077         89.033               5137.297671    15.723163   9829.682079    2.792523
86         683.838        374.617               5071.426607    15.737175   9831.791768    2.765914
87         571.678       1701.383               4973.418079    15.758363   9825.792606    2.818316
88         280.464       1832.299               4968.098983    15.759524   9821.338256    2.851725
89        1013.041       1455.426               4947.394841    15.764059   9830.866448    2.961432
90        1445.340        530.308               4889.893284    15.776752   9839.471962    2.764260
91         798.194       1414.297               4773.844820    15.802829   9828.754076    2.963612
92        1631.283       1050.619               4773.566361    15.802893   9839.303945    2.849924
93         733.747        660.150               4647.171819    15.832028   9838.943878    3.052720
94         861.805       1155.085               4591.083195    15.845212   9839.243588    2.862903
95        1408.428        988.952               4518.378660    15.862543   9848.887632    2.857003
96         613.930       1196.127               4476.726088    15.872599   9833.359587    2.851240
97        1381.418        680.216               4394.416374    15.892747   9835.475923    2.798943
98        1546.375        990.584               4345.469283    15.904908   9849.509574    2.837888
99        1727.647        756.912               4309.552454    15.913920   9837.667299    2.806073
100        361.629        453.976               4305.472158    15.914948   9832.940654    2.825663
101        385.066        596.817               4021.979163    15.988900   9833.156098    2.794417
102        961.097        671.955               4012.854291    15.991367   9834.406007    2.853375
103       1627.903        153.086               4008.536101    15.992536   9830.043389    2.794820
104        555.112        777.069               3904.318301    16.021137   9842.764341    2.810991
105        808.694         90.740               3858.290767    16.034013   9830.578371    2.773041
106        762.543       1211.526               3800.402228    16.050426   9836.389865    2.936236
107       1346.924        766.582               3762.573540    16.061288   9837.944943    2.872080
108        475.276        351.266               3747.163507    16.065743   9834.086152    2.765928
109        905.139       1054.375               3743.973384    16.066668   9840.748373    2.866199
110       1503.744       1759.609               3704.238224    16.078253   9828.661760    2.927566
111       1186.184       1052.659               3682.073852    16.084769   9838.841523    2.892280
112       1161.685       1333.909               3657.955161    16.091904   9833.680755    2.973747
113        511.970        276.068               3634.867759    16.098778   9829.097197    2.748601
114        388.951       1774.487               3594.961344    16.110764   9826.333417    2.928826
115        622.849       1158.268               3569.136777    16.118592   9831.969073    2.954583
116        914.714        984.676               3543.498212    16.126419   9838.458770    2.907137
117        315.143       1503.299               3447.122094    16.156358   9827.737785    2.848743
118        737.633       1461.555               3401.903013    16.170695   9834.242749    2.872746
119        795.293        700.814               3382.160674    16.177014   9837.250908    2.843282
120        562.352        181.019               3354.046848    16.186077   9821.871627    2.714499
121        539.837         29.798               3329.985221    16.193894   9823.151381    2.765676
122        408.295       1479.729               3291.922587    16.206376   9833.710294    2.847397
123        439.323       1878.817               3175.663821    16.245414   9832.276824    2.877455
124        988.744        575.233               3074.583922    16.280534   9838.474394    2.848710
125       1607.048        209.172               3032.063644    16.295654   9828.639922    2.792143
126       1631.018       1132.332               2989.482403    16.311010   9833.621531    3.054763
127        208.960       1491.981               2984.284909    16.312899   9830.917475    2.806638
128        530.718        452.248               2983.299787    16.313258   9833.030975    2.726385
129        594.818       1698.418               2930.689239    16.332576   9826.151034    2.874871
130        516.964       1191.946               2900.801217    16.343705   9833.887736    2.887929
131       1055.593        282.930               2882.474433    16.350586   9838.848318    2.780951
132        267.702       1201.459               2854.809735    16.361057   9830.338562    2.855209
133       1235.809        364.008               2831.643662    16.369903   9832.123373    2.800744
134       1663.460       1311.932               2814.864691    16.376356   9830.761113    2.876995
135        953.524        623.928               2798.597251    16.382649   9839.493498    2.854237
136       1018.861       1015.015               2776.708850    16.391174   9838.722406    2.905105
137         14.710       1409.795               2753.486115    16.400293   9890.028698    2.798468
138         97.603        564.870               2726.483973    16.410993   9831.114999    2.725854
139       1716.117       1122.920               2720.681068    16.413306   9834.237016    2.859519
140       1476.404       1517.929               2718.844719    16.414039   9829.340906    2.855098
141       1874.675       1608.908               2716.158668    16.415112   9845.762791    3.022269
142       1254.726       1304.722               2684.101443    16.428003   9834.859597    2.874930
143        832.143        403.596               2647.086205    16.443080   9833.234371    2.800698
144        482.504        645.698               2623.936069    16.452617   9835.493632    2.774164
145        998.858        639.013               2605.190073    16.460401   9836.147157    2.784497
146        683.326       1761.060               2534.891541    16.490102   9827.681441    2.827931
147       1484.625        168.107               2485.452447    16.511486   9829.380981    2.782155
148       1749.228       1239.687               2401.857006    16.548632   9832.990808    2.864174
149       1417.654        437.775               2392.027390    16.553085   9832.421636    2.734554
150        541.471       1844.119               2382.979134    16.557199   9822.091476    2.851582
151        937.051        643.257               2369.818126    16.563212   9837.540774    2.864837
152       1675.472       1014.740               2361.651702    16.566960   9839.609917    2.863823
153       1538.274       1755.311               2355.725293    16.569688   9829.419417    2.809501
154         83.090       1677.228               2313.971137    16.589105   9821.531560    2.803136
155       1400.011        610.669               2308.173099    16.591829   9839.422341    2.851466
156        477.826       1793.716               2289.074681    16.600850   9827.364808    2.848324
157       1617.715       1236.627               2262.467779    16.613544   9834.170708    2.875317
158        122.515        755.917               2225.002690    16.631674   9833.207806    2.777188
159       1370.890        388.128               2221.207764    16.633527   9832.283616    2.764269
160       1684.146       1241.993               2162.112501    16.662804   9834.046221    2.892498
161       1192.889        958.840               2158.339269    16.664701   9839.924005    2.970104
162       1423.761       1228.176               2145.628525    16.671114   9834.745547    2.980005
163         62.791       1590.844               2101.546122    16.693653   9826.582512    2.841331
164         84.729        983.139               2054.220477    16.718382   9830.131215    3.163568
165        958.202        817.564               2023.520127    16.734731   9835.877336    2.860774
166       1631.534       1418.620               2003.011124    16.745792   9831.109903    3.346606
167       1378.075       1241.382               1967.212937    16.765372   9835.894789    2.852336
168        262.317        681.888               1964.770017    16.766721   9833.909200    2.800548
169        820.755        872.041               1959.546309    16.769611   9844.374759    2.927608
170        349.288       1079.279               1915.047409    16.794551   9835.089550    2.904065
171        230.857       1642.160               1898.275964    16.804102   9825.546826    2.928974
172       1008.213       1202.466               1848.494932    16.832954   9836.458037    2.994483
173        710.773        528.194               1800.970317    16.861234   9837.216199    2.828991
174        496.619       1771.332               1799.661657    16.862023   9828.802397    3.028801
175       1427.207        530.952               1781.944684    16.872764   9837.031495    2.774759
176        114.394       1211.610               1780.465025    16.873666   9832.205937    2.794730
177        148.997       1872.618               1778.711463    16.874736   9831.868778    2.852683
178        374.884       1604.224               1769.271534    16.880514   9829.222511    2.870179
179       1121.605        615.599               1751.108211    16.891718   9837.322971    2.826877
180       1821.075       1332.954               1726.028622    16.907380   9832.070610    2.989326
181         52.585       1299.788               1719.081768    16.911759   9831.675910    2.751201
182       1047.225       1187.076               1674.314119    16.940408   9834.530650    2.973496
183        110.266       1111.049               1639.499025    16.963222   9830.839874    2.813760
184        115.537       1828.285               1626.525709    16.971848   9819.981796    2.852605
185       1013.073       1357.645               1621.489687    16.975215   9835.634378    2.968585
186        421.017       1427.336               1619.058759    16.976843   9836.853087    2.810013
187        818.265       1847.799               1612.647379    16.981151   9824.526670    2.854856
188       1308.969        572.894               1598.764597    16.990539   9840.312227    2.918511
189        907.401        425.725               1575.730035    17.006295   9835.818396    2.862167
190        272.554        212.950               1565.531306    17.013346   9829.652573    2.777071
191       1273.931        227.671               1563.242670    17.014934   9831.445661    2.758619
192       1034.243       1087.318               1556.484047    17.019638   9835.283141    2.964321
193       1833.557        196.045               1514.481122    17.049340   9829.023848    2.841368
194       1356.599        966.206               1504.145353    17.056775   9844.067410    2.839329
195        321.724       1808.240               1490.076301    17.066979   9817.893002    2.933021
196       1597.353       1306.241               1488.694568    17.067986   9835.316160    2.934820
197        387.038        311.898               1473.415738    17.079187   9829.424849    2.841499
198       1664.308        418.540               1452.317322    17.094846   9834.067543    2.818016
199       1071.665       1401.596               1417.981900    17.120823   9833.242054    2.918135
200        944.274       1696.402               1404.745622    17.131006   9827.246276    2.858888
201        237.495        697.183               1403.091724    17.132285   9834.716175    2.686770
202       1511.535        401.336               1402.283227    17.132911   9834.100407    2.747318
203       1652.235       1189.188               1396.120753    17.137693   9837.635172    2.905751
204        542.959       1329.244               1390.592193    17.142001   9833.616440    2.827150
205        819.486        186.144               1384.554571    17.146725   9831.273981    2.778787
206       1661.620        125.445               1384.316027    17.146912   9828.037838    2.741740
207       1082.874       1177.635               1383.951980    17.147197   9835.164673    2.982558
208        116.727         96.991               1363.863748    17.163073   9827.467010    3.029379
209       1261.692        980.723               1361.192775    17.165201   9838.963088    3.042554
210       1139.045        592.648               1358.206920    17.167585   9837.867259    2.896769
211        926.643        341.165               1352.460815    17.172188   9832.978046    2.835701
212       1532.786        249.686               1345.177303    17.178051   9831.411040    2.790058
213        173.598        311.139               1344.405325    17.178674   9829.511224    2.744381
214        871.882       1582.139               1344.225576    17.178820   9833.244950    2.903743
215        642.983       1661.148               1342.557001    17.180168   9828.936721    2.912215
216       1105.251         13.161               1305.685281    17.210404   9860.617284    2.712881
217       1283.333         31.086               1300.411985    17.214798   9827.625235    2.768828
218       1283.360        906.824               1298.660991    17.216261   9836.898393    2.806518
219       1872.737        878.540               1272.915844    17.238001   9833.593830    2.843056
220        567.062       1116.631               1272.850267    17.238057   9837.223308    2.988653
221       1533.810       1818.206               1270.817951    17.239792   9825.454614    2.833874
222       1119.663        835.255               1268.460803    17.241807   9836.492375    2.916934
223       1234.536       1694.478               1262.384301    17.247021   9828.522233    2.911199
224        126.044       1872.773               1250.117438    17.257623   9823.928718    2.864142
225       1736.456        246.338               1242.816555    17.263982   9828.853774    2.790868
226        603.987       1039.321               1234.908353    17.270913   9834.712527    2.792502
227       1485.086        439.978               1219.988304    17.284111   9837.144126    2.739508
228       1203.612       1439.137               1211.446002    17.291740   9831.993130    3.086916
229       1569.458       1018.556               1209.264241    17.293697   9846.476885    2.813806
230        803.739        468.990               1207.341484    17.295425   9835.966274    2.803037
231       1815.249       1342.058               1196.961412    17.304800   9832.679913    2.943477
232        823.471       1815.718               1191.353713    17.309898   9825.050785    2.886522
233        356.302       1405.967               1170.101400    17.329441   9832.944403    2.954522
234         56.717       1196.706               1169.843995    17.329680   9830.535000    2.842243
235        230.023        983.425               1165.656517    17.333574   9831.357796    2.857910
236       1554.698       1816.868               1159.324624    17.339487   9825.234987    2.952348
237        921.785       1690.638               1136.061219    17.361496   9827.174413    2.957909
238       1842.761       1435.963               1129.118244    17.368151   9828.668053    2.939709
239        971.486       1229.751               1126.732650    17.370448   9832.406103    2.888633
240        668.302       1819.785               1122.318586    17.374710   9828.433903    2.840604
241        963.233       1728.672               1119.044593    17.377882   9826.465601    2.948825
242       1257.534        743.951               1117.787428    17.379102   9837.746411    2.871252
243        894.953       1514.656               1106.343719    17.390275   9832.140850    2.898041
244       1495.861       1088.594               1099.054790    17.397452   9837.632022    3.099771
245       1772.451        388.579               1092.189347    17.404255   9828.930132    2.725322
246       1487.567       1106.110               1084.397761    17.412028   9837.368315    2.876692
247        991.400        166.497               1080.306848    17.416132   9828.187017    2.802765
248       1288.597         74.367               1061.547477    17.435151   9830.135520    2.694043
249       1131.521        528.040               1056.452502    17.440375   9835.772995    2.918781
250        760.123       1833.252               1054.529630    17.442353   9822.745901    2.777781
251       1250.658        376.519               1044.794130    17.452423   9834.510269    2.992816
252         86.343        176.088               1038.446835    17.459039   9828.230028    3.090203
253         97.393        839.122               1024.669996    17.473540   9829.345619    2.769280
254       1418.649        107.495               1022.368303    17.475982   9831.145887    2.837990
255       1477.173        185.448               1007.362415    17.492036   9833.329310    2.711131
256       1603.250        396.643                987.992484    17.513116   9831.285741    2.767850
257       1069.546         16.296                986.589061    17.514659   9838.287879    2.761056
258        968.628        708.059                982.775474    17.518864   9837.624130    2.859369
259        407.064       1384.592                982.626514    17.519029   9836.294526    3.239281
260       1198.734        111.643                980.214439    17.521697   9828.377102    2.816295
261       1438.777       1159.020                974.250351    17.528324   9834.843985    2.916692
262       1869.786       1567.654                971.641432    17.531235   9829.907563    2.960586
263        976.359       1882.456                967.356517    17.536034   9826.775236    2.759335
264       1750.274       1171.122                963.974377    17.539836   9830.625449    2.936982
265       1768.339        549.426                962.602739    17.541382   9831.629405    2.829618
266       1324.433       1686.399                954.511855    17.550547   9835.371560    2.852070
267       1829.568       1768.459                927.196197    17.582071   9825.666414    2.974597
268       1551.476        674.699                922.782754    17.587251   9837.750369    2.704198
269       1853.450        260.414                917.641460    17.593317   9830.312224    2.779009
270       1388.147       1127.599                915.417313    17.595952   9835.948878    2.830898
271       1701.052        957.748                907.600808    17.605263   9836.341243    2.823883
272       1767.042       1404.946                907.088506    17.605876   9830.284258    2.886859
273        630.956        560.236                898.354577    17.616381   9838.100997    2.766971
274       1091.646       1325.486                882.580015    17.635615   9833.585494    2.851959
275        415.551       1496.386                881.806050    17.636567   9835.223672    2.878987
276       1287.155       1319.442                880.453136    17.638234   9835.602926    2.834142
277        798.430       1122.462                843.608866    17.684647   9835.868732    3.026871
278        853.338         20.899                841.442113    17.687439   9827.018908    2.744393
279       1496.417       1026.502                841.000207    17.688010   9847.450917    3.173660
280        183.855       1229.605                838.560595    17.691164   9830.629120    2.766992
281        934.734       1618.323                838.248921    17.691567   9828.768023    2.828702
282        142.139       1254.689                829.680559    17.702723   9831.907925    2.782908
283       1636.788        185.074                817.339894    17.718993   9828.915049    2.890534
284       1864.387         53.745                809.046772    17.730066   9821.113583    2.911225
285        413.415       1105.297                807.812963    17.731723   9834.597909    2.849958
286       1685.402        800.725                800.549302    17.741530   9839.448877    2.912468
287        314.096        861.275                796.073147    17.747618   9831.438279    2.772853
288         22.659        747.659                787.594816    17.759243   9829.793594    2.778610
289       1857.565        500.755                784.409109    17.763643   9829.634504    2.985684
290        290.682        212.248                781.678850    17.767429   9829.885574    2.769546
291       1529.277       1686.482                776.549658    17.774577   9828.972461    2.863639
292        408.543       1605.104                771.788204    17.781255   9831.004638    2.873855
293       1646.636        675.612                770.206877    17.783482   9835.348912    2.776263
294       1333.224       1080.172                762.944889    17.793767   9835.463594    3.003258
295       1393.256       1331.374                747.995495    17.815253   9833.704026    3.060329
296        666.985       1389.913                738.063685    17.829765   9833.110564    3.089687
297       1482.232       1319.042                737.558057    17.830509   9832.314607    2.856438
298       1004.365         60.697                736.947101    17.831409   9827.981807    2.846208
299        396.075       1752.933                728.785849    17.843500   9826.371879    2.942039
300        658.260        948.154                720.356304    17.856132   9834.666164    2.967327
301       1084.590        606.591                712.316522    17.868317   9833.697989    2.829374
302       1058.355       1203.552                701.959188    17.884220   9834.252140    2.954861
303        735.117         88.139                688.523901    17.905202   9828.159130    2.789057
304       1694.016       1810.681                680.108432    17.918555   9825.371866    2.906927
305       1351.813        107.708                678.572777    17.921009   9828.813735    2.814690
306        674.267        941.289                670.636748    17.933782   9835.745076    2.900072
307        351.971       1684.534                665.404275    17.942286   9824.479540    2.999562
308        656.226        150.584                663.981323    17.944610   9826.323396    2.746993
309       1171.045       1352.867                662.347273    17.947286   9832.745873    2.834410
310       1309.166        334.988                661.464518    17.948734   9833.399521    2.827145
311       1801.996       1421.931                656.211678    17.957390   9831.646036    2.808044
312       1435.289       1184.050                647.191462    17.972418   9837.734972    3.062047
313        424.736       1816.226                639.771018    17.984939   9825.569015    2.904093
314       1553.107       1490.303                639.545491    17.985321   9831.180891    2.924245
315        505.969       1646.775                632.851305    17.996746   9827.234573    2.964099
316        606.987        932.793                627.163951    18.006547   9834.542674    2.875526
317         15.878        533.626                619.959957    18.019091   9842.013216    2.759022
318       1281.530        720.319                616.011358    18.026028   9836.720351    2.828774
319       1311.205        532.662                615.971873    18.026098   9834.992675    2.723793
320       1830.774       1452.672                614.280548    18.029083   9831.231816    2.844929
321       1536.930       1421.084                613.026622    18.031302   9832.937957    2.769646
322       1776.072         21.051                612.459408    18.032307   9826.026911    2.769029
323       1438.412       1080.179                611.037066    18.034831   9839.553466    2.997643
324       1719.034        434.974                607.037794    18.041961   9831.158001    2.825110
325       1712.672       1147.050                600.648862    18.053448   9834.046984    3.138620
326       1069.186        677.808                597.573436    18.059022   9834.980267    2.710569
327       1745.901       1252.534                596.758601    18.060503   9832.168433    2.983357
328        343.634         98.361                594.920531    18.063853   9826.568933    2.581100
329         38.343       1535.225                594.015120    18.065506   9826.907771    2.840270
330       1458.106        614.678                576.962742    18.097131   9836.408963    2.930436
331        315.881       1091.057                573.191680    18.104250   9835.121347    2.892310
332       1346.859       1863.231                571.512685    18.107435   9824.912352    3.077066
333       1496.469       1071.761                570.950933    18.108503   9838.421535    3.469999
334        436.239       1551.362                567.415048    18.115248   9832.027165    2.814775
335        115.210       1630.275                565.465862    18.118984   9819.770331    2.723168
336       1256.752       1334.118                557.636061    18.134123   9831.772035    2.965171
337       1401.263         52.169                551.276191    18.146577   9836.857614    3.221750
338        183.882        658.087                550.157829    18.148782   9835.330385    2.828587
339       1662.125        744.457                549.854100    18.149381   9836.758010    2.909389
340        142.527        269.506                545.744576    18.157526   9828.867502    2.727548
341        748.700       1571.283                544.968306    18.159072   9831.543675    3.186602
342        680.118        879.743                541.148660    18.166709   9836.589831    2.809223
343       1350.549        401.037                538.674247    18.171684   9832.932886    2.751214
344        290.172        848.399                535.351431    18.178403   9830.501602    2.815065
345       1634.671        296.213                532.634643    18.183926   9829.915174    2.753841
346       1760.121       1286.976                528.466685    18.192456   9831.174646    2.718193
347        324.542        990.272                526.246388    18.197027   9835.559472    2.976513
348        769.936        177.664                525.650822    18.198257   9831.357722    2.681245
349        586.547       1382.857                525.080941    18.199434   9833.892218    2.812505
350        350.353        330.300                518.950320    18.212186   9832.523608    2.775295
351       1596.809       1042.405                516.393050    18.217549   9846.681562    2.807867
352       1437.749        431.194                515.042940    18.220391   9834.436451    2.755814
353       1669.826        261.448                501.072433    18.250249   9832.880347    2.665525
354       1034.531       1865.338                498.925671    18.254910   9825.792032    2.835316
355       1813.506       1674.074                498.682328    18.255440   9827.291517    2.900810
356         58.253       1419.236                490.865021    18.272595   9828.681828    2.886271
357       1337.278       1866.780                490.354716    18.273724   9825.790509    3.243564
358       1496.479       1128.792                484.983661    18.285682   9833.771213    3.098244
359        401.141        112.927                484.070986    18.287727   9826.049029    2.766768
360       1266.719        887.647                483.339000    18.289370   9838.294331    2.935471
361       1449.559        244.307                481.448551    18.293625   9832.510189    2.760452
362         49.668        888.888                476.051134    18.305866   9829.803835    2.761711
363        796.903        599.920                475.926319    18.306151   9835.368421    2.850098
364        862.811        201.546                475.262444    18.307666   9830.017747    2.849427
365        316.113        176.140                470.973817    18.317508   9826.032416    2.585840
366        817.755       1744.868                469.248099    18.321494   9826.958883    2.830093
367        941.411       1115.449                467.487273    18.325576   9837.750553    2.936001
368       1373.726       1800.607                453.120004    18.359467   9825.908420    3.068961
369       1413.694       1822.054                452.714610    18.360439   9824.403998    2.815444
370       1262.001       1715.333                451.459125    18.363454   9828.195874    3.114033
371       1624.114         37.807                444.361775    18.380658   9817.629890    2.777277
372        881.387       1838.323                444.066508    18.381380   9824.973669    2.826752
373         37.938       1643.702                443.513496    18.382733   9818.498688    2.743741
374         94.127       1456.451                440.479299    18.390186   9828.569481    2.764340
375       1785.039        717.383                438.634524    18.394743   9834.411921    2.784594
376        232.322       1662.629                437.540083    18.397455   9821.338862    3.134486
377        643.818       1376.281                435.779732    18.401832   9831.400377    2.878362
378       1622.177        651.717                432.250866    18.410660   9832.113037    3.011007
379       1098.350        152.889                430.287060    18.415604   9827.236391    2.723893
380        386.302       1812.229                430.012698    18.416297   9825.794088    2.802358
381       1436.015       1450.948                429.836794    18.416741   9830.657607    2.920775
382        613.351        574.838                428.961847    18.418953   9834.466944    2.872135
383       1497.378       1674.071                427.879842    18.421695   9828.776833    3.459993
384        237.229         18.164                426.326122    18.425645   9822.905724    2.818679
385       1324.417        769.687                426.038238    18.426379   9838.416123    2.979331
386        157.890        173.334                419.009816    18.444440   9828.681548    2.675561
387       1255.174        529.304                415.706200    18.453034   9837.252765    2.765007
388        324.606       1007.763                414.987941    18.454911   9834.968302    2.761498
389        854.972        262.913                413.476710    18.458872   9830.990760    2.796318
390        321.881       1109.905                411.791394    18.463307   9836.845005    2.813268
391       1346.227        594.708                411.145736    18.465011   9836.379703    2.769762
392       1666.595        867.054                407.129330    18.475669   9841.759503    2.981817
393       1279.541         19.404                405.776700    18.479282   9832.406832    2.747065
394       1555.698       1291.138                405.194575    18.480841   9835.210648    2.979184
395        633.226       1722.125                404.683813    18.482210   9829.010959    2.882281
396       1132.834       1694.558                404.479272    18.482759   9826.147098    2.792812
397        954.619         77.578                404.137456    18.483677   9823.861744    2.683116
398       1355.583        282.319                400.547024    18.493366   9831.180494    2.560694
399       1081.644        197.315                397.659240    18.501222   9828.646160    2.928605
400       1485.334       1688.212                394.489811    18.509911   9827.823343    2.809322
401        434.865        378.737                389.426077    18.523937   9836.091612    2.617300
402         64.957       1327.150                384.857630    18.536750   9832.266140    2.930668
403       1882.322       1756.729                383.551401    18.540441   9836.370732    3.069317
404       1207.392       1789.340                381.653111    18.545828   9827.648262    2.908713
405        981.307       1573.151                380.361741    18.549508   9827.579962    2.881905
406       1567.506       1299.809                378.705092    18.554247   9836.344481    3.035129
407       1301.289       1410.688                378.528284    18.554754   9830.188209    3.018305
408       1539.977       1112.777                377.243435    18.558446   9837.797849    2.824452
409       1096.699        430.124                375.063805    18.564737   9836.449709    3.159612
410       1606.696       1067.862                372.409228    18.572449   9843.396555    2.932213
411       1680.784        513.835                372.319692    18.572710   9831.732679    2.786813
412        668.916       1127.609                372.174033    18.573135   9833.370370    3.020031
413       1312.562        932.608                370.733896    18.577344   9842.152186    2.843233
414        480.400       1847.277                370.095539    18.579215   9823.393313    2.796755
415       1810.530        352.409                369.018506    18.582380   9829.104748    2.642916
416       1360.271         75.953                367.011778    18.588300   9832.858574    2.928211
417       1787.379       1587.999                366.628392    18.589435   9824.899339    2.673159
418        320.279        701.389                366.516441    18.589766   9833.671884    2.685177
419        535.347       1435.901                366.044605    18.591165   9874.500000    2.953867
420       1151.853       1657.379                364.794442    18.594879   9827.634954    3.088158
421       1836.888       1755.795                363.965970    18.597348   9823.592354    2.971332
422       1738.774         92.189                363.558416    18.598564   9822.804989    3.032201
423       1534.752        337.454                359.787660    18.609884   9835.671323    2.701731
424       1759.289       1693.154                356.847954    18.618792   9825.686393    2.892563
425       1700.938       1011.629                356.750461    18.619089   9838.050346    2.764252
426       1060.228       1582.202                353.149524    18.630103   9827.950622    3.153468
427        734.717        807.028                349.547762    18.641234   9837.972518    2.796104
428        713.508        933.922                348.017948    18.645996   9837.127266    2.873869
429       1262.205        593.283                348.014673    18.646006   9837.362935    2.837486
430        899.636        179.891                345.429042    18.654103   9831.063846    2.739195
431        793.896       1380.569                343.851067    18.659074   9831.968210    2.732510
432         27.924       1403.275                342.042445    18.664800   9827.733142    3.028406
433        292.250       1870.198                341.658264    18.666020   9815.860308    2.827532
434       1785.707        743.623                340.502810    18.669698   9836.247493    2.667592
435         93.083       1155.142                340.462327    18.669827   9834.561594    2.497359
436        652.789       1110.082                335.889635    18.684508   9835.426576    2.848562
437        418.834       1772.164                335.394479    18.686110   9825.572835    2.920350
438         87.160       1195.025                334.606993    18.688662   9832.597907    2.759809
439       1269.101       1578.053                334.372229    18.689424   9829.635878    3.124425
440        637.612        636.978                332.964123    18.694006   9836.583518    2.775099
441       1056.924       1468.364                332.185674    18.696548   9833.459222    2.884329
442       1579.250         98.235                331.770301    18.697906   9825.527655    2.598084
443       1588.098        278.179                331.217788    18.699716   9826.557315    3.147971
444       1311.880        745.972                329.667275    18.704810   9838.787867    3.112085
445        353.825        144.688                329.588152    18.705071   9831.179926    2.529147
446       1322.893       1847.061                328.740169    18.707868   9820.151394    3.015955
447         41.329       1433.932                325.748058    18.717795   9832.623241    3.233584
448        203.374       1424.855                325.404616    18.718941   9829.116961    2.992880
449        500.133        390.399                323.785718    18.724356   9832.399081    3.027892
450       1622.107        511.120                323.407579    18.725625   9830.789175    2.843497
451       1516.134        856.153                323.221336    18.726250   9871.311840    2.833183
452        688.125        829.106                323.218451    18.726260   9835.852258    2.980478
453        742.764         61.120                323.107999    18.726631   9825.602786    2.821444
454        814.185       1256.923                323.064373    18.726777   9832.836750    2.599539
455        732.914        643.239                319.843785    18.737655   9838.046406    3.185044
456       1839.230       1675.770                318.801189    18.741200   9825.343891    2.697836
457       1713.353       1462.036                316.742254    18.748235   9830.300701    2.760878
458       1197.713        142.072                316.242642    18.749949   9830.117352    2.711644
459        625.129       1785.362                314.726341    18.755167   9828.987418    2.831432
460       1797.698        715.532                312.944607    18.761331   9834.892244    2.333837
461        625.539       1643.674                309.578901    18.773072   9825.923250    2.849825
462        489.062       1109.723                309.196197    18.774415   9836.803639    2.800445
463        676.059       1535.927                309.125909    18.774661   9830.481454    2.900623
464       1410.761        580.842                308.443299    18.777062   9836.414493    3.056299
465        343.963        662.229                308.132692    18.778156   9837.789724    2.661275
466        633.605       1444.989                307.130898    18.781691   9835.536689    2.767584
467       1490.026        358.786                305.630667    18.787008   9833.244058    2.788496
468       1517.737        312.994                304.650355    18.790496   9832.023423    2.740221
469       1123.025       1456.114                302.941091    18.796605   9830.334264    2.875496
470        192.708       1653.501                302.103766    18.799610   9822.412451    2.904117
471        917.466        867.689                301.565086    18.801547   9838.955163    2.822473
472        983.235       1723.203                300.997457    18.803593   9828.437765    2.860178
473        932.013        269.359                300.402695    18.805740   9834.067221    2.553079
474        636.991       1205.072                300.192834    18.806499   9835.370981    3.015611
475         37.685       1316.310                296.898304    18.818481   9832.413768    2.755887
476         80.107       1134.752                294.040524    18.828982   9831.338488    2.791825
477       1723.852        111.148                291.726820    18.837559   9826.817717    2.318229
478       1782.686       1083.895                291.225857    18.839425   9834.971792    2.970272
479       1494.072        578.779                288.391851    18.850043   9838.240128    2.932995
480        178.415       1110.976                288.061122    18.851288   9829.807522    2.835803
481        148.159        296.335                287.898377    18.851902   9830.933243    2.809448
482       1697.486         88.511                287.803938    18.852258   9828.289020    2.692239
483       1122.079       1759.243                287.051412    18.855101   9823.886497    3.013543
484       1786.955        606.651                285.209067    18.862092   9832.286037    2.945345
485       1119.574       1802.207                284.826637    18.863548   9823.173379    2.911507
486        232.146        191.086                284.124053    18.866230   9828.711594    2.475647
487        293.062       1114.419                281.171577    18.877571   9833.585579    2.492419
488        978.261        762.493                280.904981    18.878601   9839.450169    2.954849
489        391.192        843.014                274.715132    18.902794   9835.490662    2.833681
490         70.510        265.186                273.111385    18.909150   9827.215286    2.585613
491         77.822       1469.317                271.980148    18.913657   9829.603928    2.455913
492       1282.121        468.954                269.794521    18.922417   9835.630926    2.909952
493       1487.675        242.866                269.789893    18.922436   9831.888653    3.057566
494        865.399       1428.231                267.257155    18.932677   9828.386737    2.932860
495        926.736       1514.847                265.802111    18.938604   9835.098782    2.427436
496       1862.843       1528.803                264.753260    18.942897   9828.304465    2.895662
497       1831.386       1001.591                264.705697    18.943092   9832.755531    2.802279
498       1747.595        786.121                261.677287    18.955585   9836.728250    3.013374
499       1004.108       1633.726                260.858874    18.958986   9828.629425    2.945470
500       1827.668        236.912                260.463299    18.960634   9831.536095    2.484375
501        617.696        858.993                259.772476    18.963517   9838.984920    2.495995
502        305.873       1597.744                259.056239    18.966515   9828.118980    3.054952
503       1496.577       1504.637                259.025464    18.966644   9837.686502    2.453522
504        225.838       1740.336                257.274042    18.974010   9822.103722    2.626029
505        337.930       1588.082                256.573456    18.976971   9830.854348    2.758863
506       1355.982       1273.314                255.083308    18.983295   9836.591593    2.857630
507         26.339        257.195                253.554273    18.989823   9826.755162    2.892337
508       1599.805        903.070                253.506149    18.990029   9852.767756    2.819964
509        320.383        932.243                252.086914    18.996124   9833.894242    2.811956
510       1216.583       1612.832                251.548438    18.998446   9826.224617    2.949942
511        256.714        724.567                251.359070    18.999264   9833.475884    2.370323
512        795.958       1142.779                249.926950    19.005467   9835.820087    2.559643
513       1660.807        695.854                249.753362    19.006222   9836.130845    2.413970
514        991.168       1333.877                249.154342    19.008829   9832.145314    2.803935
515       1496.277       1543.544                247.196344    19.017395   9829.634888    3.149390
516        409.950       1540.051                247.012529    19.018203   9833.223036    2.711305
517        334.718        356.478                246.895215    19.018718   9833.824594    2.770253
518        727.120        725.712                244.597161    19.028871   9836.770476    2.675315
519        919.044       1883.496                242.965800    19.036137   9822.554636    2.501099
520        871.141       1113.690                238.254293    19.057398   9837.327443    2.872728
521        395.760        228.936                237.620197    19.060292   9829.752932    2.904967
522        977.423       1538.797                237.105093    19.062648   9828.398789    3.115548
523        586.430       1577.009                234.313540    19.075507   9833.514017    2.931990
524       1115.097        350.957                234.136859    19.076326   9839.424463    2.887663
525       1840.000       1885.359                231.765852    19.087376   9831.380342    2.694182
526        382.987       1399.020                229.848420    19.096396   9828.597724    3.528535
527       1100.450       1753.677                225.978900    19.114830   9829.967170    3.233624
528         55.342        198.685                225.902186    19.115199   9826.645660    2.637050
529        735.160        428.304                225.421767    19.117510   9834.008263    2.756576
530        540.144        670.388                224.987029    19.119606   9836.472345    3.055472
531       1554.457       1514.922                224.213113    19.123347   9831.810724    2.411667
532        708.558       1482.417                223.028531    19.129099   9832.092784    3.237974
533       1801.883       1779.280                222.859884    19.129920   9825.911220    2.987987
534        885.224       1562.221                222.201065    19.133135   9834.245730    2.551905
535        553.951        261.163                221.291474    19.137588   9829.838665    2.587913
536        224.233       1241.208                220.832803    19.139841   9829.606746    2.933063
537        839.223       1864.971                220.324600    19.142343   9818.362291    2.897223
538       1659.859       1292.830                219.248908    19.147656   9831.675156    3.203536
539       1066.389       1280.192                219.184888    19.147973   9832.752640    2.416276
540        540.911        905.363                218.983159    19.148973   9835.294801    2.963662
541       1128.867       1234.643                218.123776    19.153242   9833.041355    2.697849
542       1280.547        290.504                217.711642    19.155296   9834.586083    2.778513
543       1285.877       1127.476                216.871294    19.159495   9836.561209    3.224871
544       1800.161        526.899                215.605665    19.165850   9834.435540    2.680263
545        375.667         90.826                215.208093    19.167854   9826.518673    2.696499
546       1858.427       1359.028                214.266021    19.172617   9829.653827    2.973436
547        601.179       1845.990                214.029764    19.173815   9828.570397    2.824619
548       1586.176       1753.458                213.373428    19.177149   9827.126674    3.336627
549       1754.685        650.838                213.164511    19.178213   9833.014618    2.938530
550        147.439       1806.884                211.039003    19.189093   9821.958317    3.316796
551         60.955        758.617                210.856681    19.190032   9833.112690    2.046891
552       1732.450       1127.621                210.080632    19.194035   9835.607450    3.652668
553        652.595       1745.651                209.720937    19.195896   9827.930719    2.536899
554        265.635        632.457                209.210956    19.198539   9837.438333    2.711218
555        258.861        975.070                208.989363    19.199690   9834.528308    2.517270
556       1496.431       1797.943                208.573125    19.201854   9826.109046    3.057897
557       1275.812       1460.019                208.559312    19.201926   9834.395997    2.984947
558        235.534        815.487                207.048609    19.209819   9827.540522    2.562319
559        301.194       1703.716                206.759019    19.211339   9824.821116    2.663332
560        883.428       1445.567                206.132462    19.214634   9829.944744    2.743758
561        960.540         21.693                205.878159    19.215974   9818.278195    2.835529
562         59.387       1143.258                205.744276    19.216681   9832.348828    2.841765
563       1774.251        513.932                204.370925    19.223952   9833.130805    2.779751
564        911.145       1583.588                204.063410    19.225587   9830.400947    3.008854
565         65.480        725.292                201.873808    19.237300   9833.741190    3.859511
566       1797.301       1795.949                201.798638    19.237704   9819.116342    2.639696
567       1528.857       1603.713                201.001412    19.242002   9826.601648    3.021132
568       1769.083       1721.080                199.281978    19.251330   9827.368598    2.692086
569        177.672        503.588                198.854351    19.253662   9831.688976    2.749836
570        195.481       1774.596                198.053367    19.258044   9822.884514    2.596816
571       1496.289       1739.137                197.798434    19.259443   9831.412194    3.173223
572        572.456       1816.557                196.646774    19.265783   9821.886050    3.163257
573       1061.292        575.907                195.147064    19.274095   9834.395427    2.453209
574        201.406        164.526                194.269746    19.278987   9828.056743    2.760556
575        798.457        847.827                193.240340    19.284756   9843.071905    2.852310
576         13.975        188.407                191.850504    19.292593   9833.080495    2.457295
577       1576.931        597.285                190.802082    19.298542   9831.975722    2.237277
578       1654.283        487.114                190.469519    19.300436   9834.873532    2.508419
579        939.525        588.201                189.214746    19.307613   9841.309483    1.743756
580        530.988       1610.941                187.842258    19.315517   9831.651911    2.374263
581        944.841        240.139                187.803790    19.315739   9833.398111    2.730363
582        886.947        415.573                187.404902    19.318048   9830.499653    2.813571
583        798.128        151.779                187.128154    19.319652   9829.886716    2.612963
584       1014.867        549.576                186.502906    19.323286   9835.615438    3.315245
585        428.807        827.858                185.574903    19.328702   9839.268373    2.925345
586       1401.933       1840.421                182.806532    19.345021   9825.186658    2.803895
587       1617.437       1622.027                182.396461    19.347459   9819.851492    3.230367
588        561.283       1011.144                181.174045    19.354760   9835.144389    2.895891
589        419.936        373.961                179.274646    19.366203   9838.522468    2.870426
590       1603.382       1577.319                179.050488    19.367561   9825.616080    2.565269
591        726.349       1388.630                177.764435    19.375388   9830.858871    2.929599
592        319.889         75.075                177.084877    19.379546   9820.494900    2.719598
593        394.700        288.982                175.145268    19.391504   9828.367983    2.771379
594         31.379        600.568                174.999283    19.392409   9828.531025    2.409926
595       1706.608       1700.537                174.912908    19.392945   9825.078313    2.772748
596        989.093        730.775                174.899938    19.393026   9840.083333    2.020483
597        994.987       1022.705                174.875899    19.393175   9837.739943    2.644690
598       1273.123        538.701                174.714744    19.394176   9839.651178    2.224237
599       1776.625        176.859                173.383462    19.402481   9825.534449    2.872624
600       1170.515        847.816                173.044125    19.404608   9838.186747    2.788291
601        165.299       1111.902                172.421194    19.408523   9830.948847    2.626329
602       1435.948       1346.201                169.947363    19.424214   9828.313673    3.101262
603       1331.404       1429.048                169.185939    19.429089   9831.991903    2.086970
604        982.664         36.204                168.705823    19.432175   9827.100000    2.336172
605       1054.139       1705.763                167.894159    19.437411   9831.132546    2.629990
606       1041.936        159.104                167.313205    19.441174   9825.814343    2.949308
607       1654.697        887.037                166.669416    19.445360   9840.797571    3.135486
608        205.063       1825.122                166.299440    19.447773   9822.056402    3.063260
609        434.018       1569.600                165.428659    19.453473   9830.283082    3.704605
610         76.625       1307.319                162.576863    19.472353   9829.256355    2.760374
611        574.423       1149.766                162.456209    19.473159   9838.406465    2.580817
612       1745.035        742.713                161.538967    19.479307   9833.792143    3.453175
613        997.790        753.878                161.085754    19.482357   9837.529174    2.183518
614       1064.904       1840.385                160.575888    19.485799   9824.731903    1.748220
615       1433.750        361.896                160.089726    19.489091   9832.330318    3.318485
616        836.369       1619.011                160.071448    19.489215   9833.830381    3.061947
617        869.223        479.761                160.046994    19.489381   9832.386792    2.974487
618       1554.984        849.538                159.576154    19.492580   9864.793684    2.653934
619       1809.264       1564.852                159.012716    19.496420   9827.067431    2.741669
620       1432.049        217.584                158.262900    19.501552   9833.802153    2.602131
621        767.864        142.757                157.951075    19.503694   9831.802969    2.731141
622       1871.654       1364.448                156.858968    19.511227   9832.202235    2.586314
623        250.944        324.566                156.641333    19.512734   9828.500839    2.581939
624        940.128       1741.371                156.215491    19.515690   9832.131761    2.881938
625        609.699        967.733                156.172432    19.515989   9839.549815    2.293867
626       1709.602        576.977                154.928354    19.524673   9832.769903    2.952454
627       1294.196        420.287                154.242607    19.529489   9835.063295    2.372302
628       1874.357        443.169                153.527146    19.534537   9830.324190    2.602717
629        952.520        558.105                152.878906    19.539131   9839.267473    2.713697
630         92.915        783.875                152.314757    19.543145   9833.041345    2.813008
631        933.727       1124.924                151.231175    19.550897   9838.305774    3.062546
632       1739.934        897.656                149.407810    19.564067   9839.034629    3.287182
633        243.917       1046.202                146.921461    19.582287   9831.781168    2.850852
634        754.249       1163.038                146.738158    19.583642   9835.916667    2.822528
635        723.953       1179.615                146.106625    19.588325   9837.474286    3.006444
636       1602.770        763.950                145.291074    19.594403   9838.835231    2.777434
637        662.817        111.972                144.441401    19.600771   9826.131455    3.210962
638        409.538        361.618                143.757888    19.605921   9837.537062    2.043802
639       1677.640       1831.457                141.138946    19.625883   9827.930796    2.149311
640       1488.751        419.326                140.650649    19.629646   9841.111473    2.807126
641         89.792       1044.456                138.413682    19.647052   9828.719033    3.040765
642       1074.223       1677.758                137.762941    19.652169   9826.579336    3.421561
643       1252.985       1627.471                137.398413    19.655046   9830.542703    3.207217
644        910.917       1201.571                136.131836    19.665101   9834.570254    2.930618
645       1546.370         19.994                134.758733    19.676108   9819.487145    1.829976
646       1159.098       1702.295                133.909183    19.682974   9829.784895    2.318508
647        156.230       1179.603                132.826412    19.691789   9825.923979    2.536489
648        957.777        359.883                132.510111    19.694377   9836.130598    2.885377
649       1552.888       1700.914                132.098384    19.697756   9829.095568    2.820295
650        629.624        308.219                129.602470    19.718467   9831.433557    2.725425
651       1313.759       1249.749                128.028167    19.731736   9831.691792    3.010728
652       1849.979       1789.898                127.702629    19.734500   9821.657482    3.256716
653        709.512       1468.010                127.631561    19.735105   9834.874055    2.587120
654         97.088       1348.532                127.080822    19.739800   9831.681237    2.562816
655        742.608       1525.293                126.663902    19.743368   9831.271147    3.372946
656       1315.891        601.725                125.314403    19.754998   9837.113357    3.017977
657         34.219         16.853                124.854785    19.758987   9823.915825    2.927167
658        554.521       1315.896                124.320401    19.763644   9833.643798    3.334796
659        401.317       1005.990                123.890549    19.767405   9836.443211    2.760190
660       1513.881       1594.652                123.724372    19.768862   9830.712230    2.210018
661        510.354         30.741                122.288300    19.781538   9825.487805    2.621889
662         99.403       1501.693                120.560681    19.796986   9825.585302    3.155329
663       1230.097       1645.436                118.377048    19.816831   9829.752703    2.918367
664       1524.568        845.794                114.821423    19.849943   9880.516248    2.775756
665        781.636        759.161                110.904434    19.887628   9835.290026    2.547163
666        425.377       1185.799                110.053271    19.895993   9833.694118    2.919778
667       1213.095        123.538                109.675335    19.899728   9834.118703    2.651683
668       1752.277       1419.014                109.006241    19.906372   9835.559310    2.449192
669        546.320       1021.493                108.004102    19.916399   9833.264322    3.022929
670        852.094       1328.699                107.482558    19.921655   9833.902559    2.641622
671        662.626        751.283                105.768988    19.939104   9836.891801    3.255748
672        556.742        332.446                104.514101    19.952063   9833.534777    2.810228
673       1380.523       1101.908                102.990796    19.968004   9841.094183    2.430752
674       1045.401        124.656                101.403740    19.984865   9831.845250    2.373005
675        892.013        499.668                100.109796    19.998809   9836.493611    2.531748
676        479.032       1387.682                 98.627133    20.015009   9835.282463    2.392041
677        215.991        333.552                 89.370006    20.122021   9828.919619    2.977583
