370-070522 228.684363900 -16.108990000 -38.6 -24.9 15.639
370-070523 228.689260600 -16.060137500 -15.8 -8.0 99.999
370-070524 228.695416800 -16.017456400 -10.5 3.8 16.744
370-070525 228.699593600 -16.069149500 2.6 0.3 99.999
370-070526 228.704289500 -16.075305600 -21.6 -8.7 14.362
370-070527 228.704542700 -16.045205900 11.8 -3.3 16.021
370-070528 228.705439800 -16.184162000 1.1 -20.4 15.332
370-070529 228.705567100 -16.171246700 -14.9 12.0 16.285
370-070530 228.709273000 -16.004434200 -6.7 0.8 16.507
370-070531 228.709731500 -16.085504800 0.2 -13.8 99.999
370-070532 228.719664200 -16.071960000 -4.9 -1.0 99.999
370-070533 228.722542400 -16.125152000 -57.6 -31.1 15.855
370-070534 228.724765300 -16.182132800 -4.5 -2.2 16.436
370-070535 228.728360300 -16.158270600 -1.9 -2.8 15.879
370-070536 228.734642100 -16.174040000 5.4 -0.7 15.068
370-070537 228.741745600 -16.107388700 -6.4 4.5 99.999
370-070538 228.748688600 -16.077324500 -8.5 10.4 15.810
370-070539 228.753573000 -16.133785300 -34.8 8.2 13.436
370-070540 228.756260900 -16.126654200 0.0 2.1 99.999
370-070541 228.761699500 -16.061568900 -6.1 -3.8 16.875
370-070542 228.778469200 -16.001938100 -26.3 -19.7 13.363
370-070543 228.778993900 -16.040921700 -22.9 -26.1 13.340
370-070544 228.781145600 -16.177429500 -15.5 -2.9 99.999
370-070545 228.782372100 -16.056260600 26.2 84.4 99.999
370-070546 228.782942400 -16.057510000 -1.0 -5.1 16.251
370-070547 228.783170000 -16.052455900 12.3 -4.1 16.274
370-070548 228.789862400 -16.126236400 -10.2 -13.5 14.603
370-070551 228.807858000 -16.060413700 5.8 -4.9 99.999
370-070552 228.814093300 -16.160204500 -14.1 -9.4 13.869
370-070554 228.817948600 -16.075620000 -9.4 -6.8 99.999
370-070555 228.819938300 -16.073290300 -18.7 5.5 15.014
370-070556 228.834052700 -16.000565300 -19.3 16.1 15.188
370-070557 228.839121800 -16.006232000 -9.9 5.1 14.219
370-070558 228.846052700 -16.085515300 -13.9 -3.0 99.999
370-070559 228.846808300 -16.008455300 -3.6 -2.0 14.463
370-070561 228.857657700 -16.078195600 -20.1 -6.3 16.788
370-070562 228.865206500 -16.109059200 -7.9 -12.2 16.189
370-070563 228.865346500 -16.077225900 -63.6 -5.9 99.999
370-070564 228.867391500 -16.078690300 -26.0 -62.6 15.896
370-070565 228.873648900 -16.035408100 0.0 0.0 11.996
370-070566 228.873694800 -16.135455900 -18.2 5.1 15.397
370-070567 228.874004200 -16.087027000 8.3 -12.8 15.199
370-070568 228.874529200 -16.037135900 4.0 -4.1 11.996
370-070569 228.886007700 -16.080490000 -13.6 0.7 16.242
370-070570 228.887620000 -16.153095900 -25.0 -6.8 14.590
370-070571 228.892602400 -16.090542000 -23.2 2.6 16.598
370-070572 228.899499500 -16.066525000 -1.1 1.3 99.999
370-070573 228.905928900 -16.125043400 -6.3 1.4 15.901
370-070574 228.907262400 -16.017662000 -1.1 3.6 99.999
370-070575 228.909805300 -16.143107300 0.7 3.4 15.801
370-070576 228.915966800 -16.102474500 0.6 -24.9 16.081
370-070577 228.917146200 -16.092325600 -10.3 -3.5 16.063
370-070578 228.918268300 -16.179762300 2.8 6.6 16.054
370-070579 228.929252100 -16.025782300 -4.3 4.5 99.999
370-070580 228.930972400 -16.122953900 -14.9 -22.3 16.850
370-070581 228.939627100 -16.126843900 -8.3 -6.6 16.072
370-070582 228.940964200 -16.183352500 -16.0 -0.9 16.811
370-070583 228.955087700 -16.047572000 -8.8 -2.4 14.573
370-070584 228.972114500 -16.160098900 -20.8 -10.3 12.943
370-070585 228.973580900 -16.010570300 -133.6 50.4 99.999
370-070586 228.982323900 -16.062425900 0.0 0.0 99.999
370-070588 228.991180300 -16.106360900 -9.7 -3.2 99.999
370-070591 229.002649200 -16.165937500 -20.5 -21.1 15.377
370-070592 229.003087700 -16.112332300 -16.3 -4.6 12.300
370-070593 229.003244500 -16.050904200 -1.5 9.6 99.999
370-070594 229.010735600 -16.144291200 -4.8 5.8 16.801
370-070595 229.012927100 -16.153461400 2.6 29.2 99.999
370-070596 229.019832700 -16.061049800 -19.3 1.1 13.708
370-070597 229.019837400 -16.009527800 1.3 -12.4 16.168
370-070598 229.020422100 -16.143694500 -17.6 -9.6 15.593
370-070599 229.023468600 -16.100824800 -16.8 -6.4 11.508
370-070600 229.024906500 -16.170217500 -3.3 -53.8 99.999
370-070601 229.026067100 -16.157240900 -3.3 1.1 99.999
370-070602 229.028102100 -16.169186700 -3.9 8.2 99.999
370-070603 229.040570600 -16.179042300 -7.2 -9.7 99.999
370-070604 229.045358600 -16.081500300 -0.2 3.3 99.999
370-070605 229.046681500 -16.005710000 -27.0 -15.9 99.999
370-070606 229.049709500 -16.077536400 -6.8 4.4 99.999
370-070607 229.049866800 -16.084081700 -6.5 0.7 99.999
370-070608 229.051718600 -16.109616400 -21.6 -7.4 15.611
370-070609 229.051739800 -16.098279800 -8.4 3.9 17.390
370-070610 229.059180000 -16.161384500 -3.0 -6.0 99.999
370-070611 229.061632400 -16.165037000 -17.3 5.3 99.999
370-070612 229.065726200 -16.143102000 -4.8 -1.3 15.978
370-070613 229.066848600 -16.042831200 -15.6 -10.6 13.230
370-070614 229.069311800 -16.059548400 -9.2 5.1 16.277
370-070615 229.076337700 -16.104123900 -0.2 -18.2 99.999
370-070616 229.077925300 -16.014867000 -18.7 -12.5 15.677
370-070617 229.079260900 -16.126831200 66.1 -106.7 99.999
370-070618 229.080786500 -16.134972300 -8.2 -13.6 99.999
370-070619 229.082152700 -16.028037300 -7.3 9.6 99.999
370-070620 229.084389800 -16.051528900 -4.9 -2.9 16.503
370-070621 229.087640000 -16.095178400 -23.0 0.7 15.550
370-070622 229.090562700 -16.036893900 -0.1 -11.7 99.999
370-070623 229.092747100 -16.152825900 -6.3 -3.8 16.268
370-070624 229.095562400 -16.016297000 0.3 -4.8 99.999
370-070625 229.100525000 -16.012731400 -9.6 -12.4 99.999
370-070626 229.102622400 -16.155381200 -6.5 -2.4 14.176
370-070627 229.103958900 -16.011818400 -0.3 5.8 99.999
370-070628 229.115017700 -16.131408700 -17.0 3.1 99.999
370-070629 229.126660300 -16.173578700 -11.8 -0.5 16.041
370-070630 229.130905900 -16.159627800 -8.9 -10.4 13.363
370-070631 229.141242700 -16.013344500 -3.7 -9.5 16.905
370-070632 229.141521200 -16.160310600 -55.1 -15.2 15.483
370-070633 229.142693900 -16.097502300 -6.8 -2.7 16.363
370-070635 229.148745900 -16.054563700 10.2 8.0 99.999
370-070636 229.152903600 -16.007377000 -16.1 -9.1 13.476
370-070637 229.156215600 -16.140718100 3.0 -8.5 17.332
370-070638 229.157209200 -16.168670000 17.7 -6.8 16.271
370-070639 229.157324800 -16.093821200 -3.6 -3.4 16.619
370-070641 229.162001500 -16.158759200 0.0 0.0 99.999
370-070642 229.164030300 -16.145151400 -17.2 -16.9 17.199
370-070643 229.165008600 -16.064633900 -14.5 4.0 16.968
370-070644 229.167861800 -16.117588700 -12.8 -32.2 99.999
370-070645 229.177749200 -16.067888700 -7.5 -1.2 16.736
370-070646 229.178226200 -16.096675300 -12.8 -0.7 16.860
370-070647 229.179906500 -16.022315000 -4.4 -40.9 13.967
370-070648 229.190043900 -16.098315000 -50.6 -90.4 99.999
370-070649 229.190473300 -16.057473900 -18.5 -4.9 15.381
370-070650 229.190810000 -16.116751700 7.6 -24.2 12.398
370-070651 229.193248600 -16.094862800 -15.5 -13.7 99.999
370-070652 229.200756500 -16.005937300 -8.1 7.7 16.310
370-070653 229.203963000 -16.180910000 -4.1 -9.3 15.587
370-070654 229.209117700 -16.011832500 -19.4 -22.3 14.724
370-070655 229.214339200 -16.127276700 -74.1 -79.5 12.506
370-070656 229.216980600 -16.113941400 -6.0 3.1 16.322
370-070657 229.221127100 -16.106230000 -8.3 0.5 14.041
370-070658 229.223099200 -16.056704500 -8.3 3.6 13.648
370-070659 229.223568900 -16.182014500 67.5 -207.9 99.999
370-070660 229.227759200 -16.043847500 -2.8 2.9 13.239
370-070661 229.231847400 -16.103990300 -2.1 0.0 14.785
370-070662 229.235553600 -16.009377500 -7.6 14.1 99.999
370-070663 229.239493000 -16.046154800 -4.7 -11.4 13.953
370-070664 229.241311200 -16.172792500 4.5 -4.0 15.595
370-070665 229.256793000 -16.077038700 -0.1 2.9 14.607
370-070666 229.257442100 -16.095754200 -4.1 -7.7 99.999
370-070667 229.260739800 -16.037462300 1.4 0.9 15.688
370-070668 229.269742700 -16.144693100 0.8 -0.2 15.530
370-070669 229.271143300 -16.103477800 -6.8 -9.1 15.824
370-070670 229.273943000 -16.030073700 4.7 -9.0 16.965
370-070671 229.292105300 -16.031144800 -10.0 -16.2 99.999
370-070672 229.292617100 -16.181879800 -5.2 4.0 16.446
370-070674 229.301457400 -16.057807800 -1.2 4.7 14.695
370-070675 229.309018600 -16.145068100 -10.1 -13.8 99.999
370-070676 229.311209500 -16.141084200 -23.5 0.9 13.829
370-070677 229.311497400 -16.123351400 -25.0 0.4 14.247
370-070678 229.314947700 -16.010838900 -9.7 10.0 16.358
370-070679 229.318023000 -16.095753100 -1.3 -5.1 16.643
370-070680 229.320276800 -16.078443900 -8.8 -0.3 16.374
370-070681 229.321407700 -16.103770600 -9.3 -1.2 14.363
370-070682 229.329549200 -16.124662500 -10.8 -6.5 15.850
370-070683 229.334837400 -16.139971700 -8.3 5.2 15.874
370-070684 229.335542400 -16.114978700 -11.8 1.5 99.999
370-070685 229.336207400 -16.160568100 5.4 2.5 17.446
370-070686 229.349691200 -16.009955000 -9.3 -6.9 14.958
370-070687 229.352947400 -16.059505300 1.8 4.2 16.991
370-070688 229.356000900 -16.165789200 -8.6 8.2 16.230
370-070689 229.365002100 -16.014172500 -4.7 -12.0 16.610
370-070690 229.366521500 -16.057665600 -11.1 -5.8 14.007
370-070691 229.368827700 -16.077799500 19.8 -39.5 99.999
370-070692 229.370650300 -16.007200000 8.6 -12.1 99.999
370-070693 229.371597700 -16.029610000 5.0 -10.5 13.508
370-070694 229.375579200 -16.107812800 -34.8 -30.8 99.999
370-070695 229.375772100 -16.042942800 -1.4 9.5 99.999
370-070696 229.379173600 -16.134833400 -4.0 -9.0 16.474
370-070697 229.379500900 -16.091978700 1.9 -5.6 16.484
370-070698 229.383672700 -16.056695900 -6.0 -4.6 15.364
370-070699 229.385630000 -16.176279500 -12.5 -7.4 16.099
370-070700 229.388936200 -16.124617000 11.6 0.8 15.256
370-070701 229.390477100 -16.152253900 -13.2 -5.1 15.015
370-070702 229.391240300 -16.016679200 -0.9 -1.9 15.150
370-070703 229.391263000 -16.093806700 -4.8 2.2 13.909
370-070704 229.392421200 -16.091084500 12.8 21.0 99.999
370-070705 229.394001200 -16.113464200 -7.5 3.5 14.675
370-070706 229.405982100 -16.131832800 -19.3 -1.5 16.484
370-070707 229.407550000 -16.100539500 -2.4 2.6 16.570
370-070708 229.408778900 -16.068722000 -6.0 8.4 16.764
370-070709 229.412907400 -16.046641200 -14.5 -0.8 15.376
370-070710 229.415056800 -16.127404800 87.4 85.1 16.790
370-070711 229.415488300 -16.170528400 10.4 1.4 12.198
370-070712 229.416415300 -16.117822800 0.4 5.4 16.590
370-070713 229.420145000 -16.161274800 -10.4 -5.4 15.781
370-070714 229.420508600 -16.015793900 -9.9 -18.8 14.959
370-070715 229.425603000 -16.048945900 -13.4 -3.4 16.359
370-070716 229.429661200 -16.015253900 -18.5 -7.9 15.184
370-070717 229.432942400 -16.130842500 -4.3 -11.4 16.421
370-070718 229.433032700 -16.076145300 -7.7 0.8 17.583
370-070719 229.436947400 -16.107958900 -10.8 -22.2 16.544
370-070720 229.442086200 -16.031609500 -16.3 -10.0 14.489
370-070721 229.446666200 -16.170476700 -19.9 10.8 16.082
370-070722 229.447843300 -16.147362000 -6.2 -3.1 13.306
370-070723 229.448070300 -16.077576400 -18.8 -6.2 17.072
370-070724 229.452619200 -16.018365900 2.5 -7.7 16.815
370-070725 229.461615600 -16.001546700 -3.1 -12.1 15.189
370-070726 229.465302400 -16.092903400 -2.5 3.7 16.252
370-070728 229.477347100 -16.065631400 4.8 -11.0 15.603
370-070729 229.478411500 -16.117330600 -8.4 -1.0 16.036
370-070730 229.479222400 -16.045915000 -24.6 9.3 99.999
370-070731 229.482521200 -16.047478700 -23.4 0.3 12.175
370-070732 229.488882700 -16.146553900 -11.4 -9.6 99.999
370-070733 229.489464500 -16.076618700 -17.8 -5.5 15.521
370-070734 229.492036200 -16.026479500 -10.7 -189.4 99.999
370-070735 229.492463900 -16.086594200 6.6 -1.2 13.714
370-070736 229.493338300 -16.183809500 -8.2 -4.3 14.689
370-070737 229.493617400 -16.137585000 -9.5 -9.6 99.999
370-070738 229.495561800 -16.038999200 -8.7 2.5 16.380
370-070740 229.500136800 -16.129227800 -0.4 -3.4 99.999
370-070741 229.505105600 -16.036622500 -114.5 -30.1 99.999
370-070742 229.505654500 -16.022599200 -12.6 -0.5 15.873
370-070743 229.505853900 -16.084029500 999999.9 999999.9 99.999
370-070744 229.507226200 -16.049918400 5.3 -2.9 15.755
370-070746 229.516645600 -16.164116700 -10.5 -4.6 16.609
370-070748 229.518808600 -16.169281200 -15.8 14.3 15.765
370-070749 229.522380600 -16.040978400 -2.5 -8.5 14.000
370-070750 229.522422100 -16.126179200 -30.0 -22.3 14.925
370-070751 229.525607700 -16.020260300 -2.9 -4.9 16.492
370-070752 229.549318300 -16.164039800 0.4 0.3 14.516
370-070753 229.553769800 -16.059436700 -29.9 5.9 15.093
370-070754 229.558151500 -16.098005600 -5.2 -8.6 13.998
370-070755 229.559758300 -16.096312000 0.0 0.0 99.999
370-070756 229.560613600 -16.119805300 -14.5 -5.2 99.999
370-070757 229.568018300 -16.019989200 -10.3 -0.8 16.284
370-070758 229.569185300 -16.074875000 0.5 -8.3 15.641
370-070759 229.571137100 -16.162007500 -3.2 -6.3 17.002
370-070760 229.573280000 -16.177585600 -9.0 22.9 14.263
370-070761 229.575863000 -16.165245000 -63.7 -12.5 99.999
370-070762 229.577576200 -16.057763700 -7.0 2.9 15.022
370-070764 229.585819200 -16.157555000 -14.0 1.7 11.725
370-070765 229.590451500 -16.054209800 0.1 -8.4 16.863
370-070767 229.594813300 -16.162585000 6.9 -30.0 16.020
370-070768 229.595039800 -16.007959500 -2.2 -14.0 15.439
370-070770 229.595153300 -16.114356200 -17.5 -19.0 99.999
370-070771 229.595187400 -16.042423900 -32.6 -18.1 99.999
370-070772 229.597413900 -16.088807500 -3.1 5.3 99.999
370-070774 229.602931800 -16.051595600 2.3 -5.0 15.369
370-070775 229.604164800 -16.004713100 -6.6 -1.1 17.032
370-070776 229.612495000 -16.113185600 -20.2 19.2 15.690
370-070777 229.612816200 -16.089867300 0.1 -1.4 12.284
370-070778 229.618945000 -16.089932500 20.7 -5.2 99.999
370-070779 229.623634800 -16.152737500 -16.4 -14.0 99.999
370-070781 229.626907100 -16.154475000 19.9 -9.8 99.999
370-070782 229.628137100 -16.173833700 1.8 7.7 16.601
370-070783 229.630569500 -16.038340000 3.9 3.3 14.175
370-070784 229.631318000 -16.098609200 -15.4 -6.8 99.999
370-070785 229.631611800 -16.128987800 -19.3 -12.0 99.999
370-070786 229.637745600 -16.155756700 -3.1 -3.3 15.294
370-070787 229.639675600 -16.115458400 -7.7 -9.9 16.656
370-070788 229.639827100 -16.081299800 -15.3 1.4 16.098
370-070789 229.641419800 -16.158715300 -7.6 -7.2 99.999
370-070791 229.643732400 -16.044786200 -5.9 -3.4 16.450
370-070792 229.643948000 -16.021755300 14.4 -24.5 15.355
370-070794 229.648028300 -16.084963700 -10.0 -4.9 99.999
370-070795 229.650676200 -16.004697800 -4.7 -11.8 16.923
370-070797 229.651561500 -16.011879800 -7.8 -1.2 15.704
370-070798 229.655258000 -16.184311400 -5.5 -3.0 99.999
370-070799 229.657463900 -16.116993100 -10.5 -1.6 16.888
370-070800 229.666794200 -16.155322300 2.6 1.8 14.254
370-070802 229.670532400 -16.123558700 -15.3 2.6 15.924
370-070803 229.670894800 -16.013900600 -6.7 -7.9 16.472
370-070804 229.680363300 -16.142297500 15.0 6.5 15.490
370-070805 229.681549800 -16.066054200 -15.5 -2.8 99.999
370-070806 229.682550900 -16.010689800 -7.1 -17.2 13.833
370-070807 229.684013000 -16.062402300 -12.1 6.1 99.999
370-070808 229.688333600 -16.067248400 -2.2 -3.6 16.603
370-070809 229.689266500 -16.176988100 -10.3 -5.4 15.946
370-070810 229.690028000 -16.118312300 -19.0 -8.9 14.964
370-070812 229.697403600 -16.139381200 -8.9 -0.5 16.832
370-070813 229.697710300 -16.059208700 -23.1 -7.0 16.548
370-070814 229.699814200 -16.043843900 -10.8 6.5 14.599
370-070815 229.701784500 -16.105962800 -8.4 -25.3 17.189
370-070817 229.720680000 -16.053286400 -8.6 0.3 13.972
370-070818 229.721885900 -16.183360300 33.7 -9.1 16.415
370-070819 229.724345000 -16.113455300 -11.0 -6.8 16.351
371-070264 228.687952100 -15.822805300 -18.6 6.7 16.146
371-070265 228.689032400 -15.839479200 -16.5 13.8 11.806
371-070266 228.694798300 -15.812627800 -11.7 -7.6 99.999
371-070267 228.710507400 -15.914915600 -4.0 -8.6 99.999
371-070268 228.721330900 -15.845748700 -7.6 -0.4 15.951
371-070269 228.721933600 -15.831360000 -7.3 2.1 16.520
371-070270 228.725447700 -15.873435600 -5.4 -6.1 15.276
371-070271 228.727703300 -15.836154200 -12.6 12.4 99.999
371-070272 228.731207700 -15.910481700 -12.3 -3.0 99.999
371-070273 228.738212400 -15.882785300 -1.6 -4.7 11.465
371-070274 228.739144200 -15.922220600 -1.6 -5.0 13.926
371-070275 228.745322400 -15.857983700 -28.2 -9.3 13.395
371-070276 228.749257100 -15.816428700 5.9 0.6 16.603
371-070277 228.752751200 -15.988898100 -17.4 20.4 15.516
371-070278 228.753588000 -15.990966200 11.0 -26.8 15.516
371-070279 228.754285900 -15.921900300 -7.6 -5.2 13.488
371-070280 228.754607100 -15.831258100 -12.2 -1.5 16.526
371-070281 228.761227100 -15.928455000 6.1 -28.0 14.788
371-070282 228.770990300 -15.904289800 -5.8 -5.2 16.186
371-070283 228.771768300 -15.938316400 6.5 -14.0 16.498
371-070284 228.774700300 -15.822993100 -9.3 -1.9 99.999
371-070285 228.776926200 -15.980547000 -4.3 3.8 16.355
371-070286 228.783018600 -15.978783700 -8.5 -4.0 15.051
371-070287 228.791450000 -15.953768900 -6.8 0.2 14.655
371-070288 228.793717400 -15.885940600 -52.8 -0.1 12.855
371-070289 228.794170900 -15.893428400 -15.3 -2.2 15.105
371-070290 228.794937400 -15.867907300 -2.6 3.5 15.328
371-070291 228.797891800 -15.830152500 3.8 2.7 16.214
371-070292 228.811794200 -15.905967000 -12.3 1.0 99.999
371-070293 228.813381500 -15.896722000 -18.0 -4.3 15.794
371-070294 228.813429200 -15.948420300 -10.8 0.1 15.691
371-070295 228.814735900 -15.817571200 -3.7 -4.5 15.923
371-070296 228.818487400 -15.886607500 1.2 3.4 16.738
371-070297 228.822371500 -15.823492800 -6.0 -3.8 15.749
371-070298 228.822808300 -15.918866200 -6.1 3.3 15.433
371-070299 228.826751200 -15.862493400 3.9 0.8 16.042
371-070300 228.827988000 -15.844728900 -4.7 1.0 99.999
371-070301 228.835689500 -15.858335000 7.3 -13.0 16.239
371-070302 228.841530600 -15.994247300 13.4 -9.5 99.999
371-070303 228.843148000 -15.810358900 -5.5 -11.8 16.284
371-070304 228.844154800 -15.977824200 -7.3 -1.3 15.608
371-070305 228.847087400 -15.848324500 -17.0 11.8 15.045
371-070306 228.856228600 -15.848633400 -9.1 4.0 17.093
371-070307 228.857677400 -15.876350000 6.8 -23.0 16.158
371-070308 228.861084200 -15.953909200 -8.3 -3.2 16.840
371-070309 228.864028600 -15.840120600 3.4 -13.8 99.999
371-070310 228.865606200 -15.926822800 9.8 -18.7 13.946
371-070311 228.866231200 -15.821885000 -0.5 -2.4 15.495
371-070312 228.868175600 -15.913620600 4.9 -4.1 99.999
371-070313 228.877046800 -15.946787500 -1.9 -4.4 14.874
371-070314 228.896578600 -15.808767500 -12.4 -6.2 14.721
371-070315 228.903817100 -15.938298100 -24.3 -11.8 14.584
371-070316 228.904581800 -15.988670300 -9.7 -26.0 14.442
371-070317 228.905153900 -15.882000000 -18.9 -12.5 99.999
371-070318 228.920228300 -15.949637000 -10.8 5.4 16.840
371-070319 228.933590000 -15.863857800 -17.8 -1.7 11.715
371-070320 228.934105600 -15.987845300 999999.9 999999.9 99.999
371-070321 228.941759800 -15.867208700 -9.9 24.9 99.999
371-070322 228.946324200 -15.805966200 199.3 133.9 99.999
371-070323 228.949457400 -15.958753900 -3.6 -2.2 13.707
371-070324 228.960051800 -15.949685300 999999.9 999999.9 99.999
371-070325 228.972165300 -15.881907800 56.9 -92.6 99.999
371-070326 228.972928000 -15.982576200 -3.8 -22.9 15.272
371-070327 228.973274500 -15.835862000 -5.0 -0.5 99.999
371-070328 228.975697700 -15.839626700 -8.4 -4.3 99.999
371-070329 228.979935000 -15.941290900 -3.1 -9.7 12.079
371-070330 228.979967400 -15.974154200 0.4 -11.9 17.157
371-070331 228.984919800 -15.939550000 -5.6 7.5 99.999
371-070332 228.987396800 -15.821302500 -1.3 -4.8 15.933
371-070333 228.988945000 -15.890206400 -2.7 -5.2 15.943
371-070334 228.990253600 -15.855784500 -10.7 3.3 15.172
371-070335 228.992107100 -15.967379800 7.1 9.9 99.999
371-070336 228.994121800 -15.924696400 -5.9 9.4 99.999
371-070337 228.994254800 -15.931364500 3.3 1.5 99.999
371-070338 228.997049800 -15.870318900 3.1 -2.8 99.999
371-070339 229.001382400 -15.988605600 -5.3 5.5 99.999
371-070340 229.001776800 -15.983367800 -11.3 -10.3 99.999
371-070341 229.003079200 -15.865161700 4.0 -6.4 99.999
371-070342 229.003728600 -15.938317000 -24.7 -4.6 14.376
371-070343 229.006065300 -15.953034200 61.6 -7.7 99.999
371-070344 229.006787700 -15.873568700 -18.2 -7.7 15.716
371-070345 229.008812700 -15.884456200 2.2 -6.7 99.999
371-070346 229.009564800 -15.941250000 -12.4 -1.0 99.999
371-070347 229.012953300 -15.937159200 -6.3 5.6 99.999
371-070348 229.019580600 -15.859887300 -23.8 -12.2 99.999
371-070349 229.027535600 -15.888427300 0.9 -2.8 99.999
371-070350 229.030211200 -15.830323100 2.4 6.6 99.999
371-070351 229.034843900 -15.843518100 -5.8 0.4 16.224
371-070352 229.035383000 -15.826837500 -12.3 2.8 15.160
371-070353 229.036167400 -15.939390300 -0.6 -10.8 15.856
371-070354 229.040760600 -15.978911700 -8.9 0.7 99.999
371-070355 229.043035300 -15.881842800 -9.5 2.9 15.547
371-070356 229.044995300 -15.875065600 2.4 -9.8 12.758
371-070357 229.045790000 -15.888679800 -4.4 -3.8 15.924
371-070358 229.045836500 -15.860680300 15.6 -11.1 15.626
371-070359 229.045937700 -15.915333100 -6.8 -1.5 12.377
371-070360 229.056598900 -15.869308700 -10.1 -4.0 16.714
371-070361 229.060967700 -15.943339200 -0.8 -15.9 15.167
371-070362 229.063169500 -15.849237000 -3.0 -7.7 99.999
371-070363 229.067441200 -15.882920300 -14.0 -5.7 15.520
371-070364 229.067459200 -15.902249500 -12.5 -0.6 13.731
371-070365 229.068414800 -15.980755300 -5.5 -16.9 99.999
371-070366 229.069739500 -15.948017300 -6.3 0.8 15.402
371-070367 229.085335600 -15.913106700 -4.9 4.1 99.999
371-070368 229.087919200 -15.892860600 -11.7 -10.5 13.727
371-070369 229.094771200 -15.825263100 -6.7 -6.1 16.690
371-070370 229.094864800 -15.999675600 -14.3 -4.1 16.826
371-070371 229.095059500 -15.822615900 -6.8 -1.5 16.690
371-070372 229.099046800 -15.908729800 -14.6 -5.5 99.999
371-070373 229.099758600 -15.818100900 21.7 -36.9 99.999
371-070374 229.100063900 -15.979793700 -6.4 -10.8 99.999
371-070375 229.103030600 -15.906011400 -26.4 8.6 14.780
371-070376 229.106283900 -15.878607500 -10.4 0.2 99.999
371-070377 229.112088000 -15.882779200 -59.6 6.3 12.448
371-070378 229.117849800 -15.983832500 4.7 -5.9 99.999
371-070379 229.131088900 -15.884194500 7.2 -2.7 13.537
371-070380 229.132998900 -15.855113900 -2.2 7.7 99.999
371-070381 229.137090600 -15.909667300 -3.5 -6.0 16.220
371-070382 229.137447700 -15.886118400 9.9 -7.1 99.999
371-070383 229.150140900 -15.918303400 -3.1 -3.9 14.689
371-070384 229.155953900 -15.956062300 -2.3 -1.8 16.327
371-070385 229.157805300 -15.875747500 -11.8 -4.6 14.486
371-070386 229.158533000 -15.993517000 1.5 -11.9 15.448
371-070387 229.164737700 -15.862383900 -19.4 0.8 13.830
371-070388 229.170565000 -15.897200000 -8.4 5.6 16.228
371-070389 229.174656200 -15.967913700 -2.6 -5.0 16.350
371-070390 229.175819200 -15.833059800 2.1 -9.9 12.138
371-070391 229.176724800 -15.872700900 -5.9 -6.3 15.512
371-070392 229.180752400 -15.833656400 -38.4 -28.2 14.993
371-070393 229.182875000 -15.889188900 -14.4 -22.4 16.923
371-070394 229.188255600 -15.944588700 -4.4 -4.6 15.485
371-070395 229.191117400 -15.969037500 0.0 0.0 99.999
371-070396 229.207172400 -15.832602500 -8.5 7.2 99.999
371-070397 229.220347400 -15.818795900 -12.1 -2.1 14.704
371-070398 229.221559200 -15.978503400 -4.5 -10.2 12.123
371-070399 229.225768000 -15.837895300 -17.9 2.7 99.999
371-070400 229.227079500 -15.910813100 -3.2 -6.3 15.975
371-070401 229.230320300 -15.976936400 -27.2 -14.4 14.118
371-070402 229.232437400 -15.939753400 -6.7 -10.1 99.999
371-070403 229.238683000 -15.953232000 -18.3 -4.5 15.538
371-070404 229.240979500 -15.938730900 -10.8 -7.9 17.129
371-070405 229.243646800 -15.973165300 -0.8 -3.7 16.397
371-070406 229.251160300 -15.867507000 -3.8 7.9 14.049
371-070407 229.251289500 -15.820402500 4.4 -2.7 99.999
371-070408 229.253988300 -15.882589200 -14.2 12.7 99.999
371-070409 229.255686500 -15.810155900 1.4 -10.2 13.316
371-070410 229.262291500 -15.938938400 -9.7 -7.8 15.260
371-070411 229.262324800 -15.802397000 -76.1 -24.0 13.980
371-070412 229.264802100 -15.833546400 5.0 -0.7 11.653
371-070413 229.272162100 -15.875090600 -11.9 -4.5 15.173
371-070414 229.276501200 -15.959012300 -14.8 2.0 16.512
371-070415 229.281295000 -15.919309200 -5.0 -2.6 13.681
371-070416 229.282082100 -15.862940000 -4.2 4.6 15.415
371-070417 229.283607400 -15.946070600 2.8 -8.9 15.793
371-070418 229.292224200 -15.884564800 -6.4 -9.5 15.748
371-070419 229.294190300 -15.907214800 -12.2 -9.8 15.384
371-070420 229.300870600 -15.801658700 5.1 -14.4 16.751
371-070421 229.303096800 -15.967799200 -12.1 6.7 99.999
371-070422 229.303709800 -15.968919200 -20.2 23.9 16.179
371-070423 229.307881200 -15.892278400 -8.6 -8.1 16.719
371-070424 229.310311500 -15.931060300 -3.7 -13.4 99.999
371-070425 229.315589500 -15.933117300 -8.9 -9.0 15.991
371-070426 229.316301200 -15.834021700 -8.7 -3.6 15.134
371-070427 229.318616200 -15.876572500 -6.6 -7.3 16.867
371-070428 229.319842400 -15.850647500 -7.5 -11.1 15.945
371-070429 229.323808600 -15.992299500 -13.7 0.7 16.727
371-070430 229.332740300 -15.998066400 -15.3 -12.6 99.999
371-070431 229.334679500 -15.894456400 -62.6 -106.3 99.999
371-070432 229.335279800 -15.893371200 13.1 33.8 15.315
371-070433 229.339998900 -15.875624800 -7.1 -4.7 12.766
371-070434 229.346431500 -15.982673400 -14.8 3.2 13.188
371-070435 229.350771800 -15.872019500 -26.5 -5.2 16.008
371-070436 229.351592400 -15.837670600 -3.7 -14.6 16.439
371-070437 229.351617700 -15.882938100 -16.8 4.8 16.354
371-070438 229.365005900 -15.829062500 -15.7 1.8 13.615
371-070439 229.370045300 -15.963925300 8.5 -34.5 11.687
371-070440 229.371818600 -15.825208100 -6.4 -1.9 14.396
371-070441 229.379149200 -15.828653700 -2.4 -7.7 15.232
371-070442 229.384532400 -15.908770600 -3.0 -8.5 99.999
371-070443 229.389337400 -15.917052300 -37.2 -1.1 13.068
371-070444 229.389913000 -15.982228900 -6.8 -6.1 16.679
371-070445 229.392117700 -15.843595900 -4.8 -8.0 16.828
371-070446 229.394439500 -15.866975000 -11.3 -14.3 15.306
371-070447 229.396645600 -15.808557300 -12.6 -14.5 16.943
371-070448 229.397925900 -15.837587000 -12.1 -1.1 16.371
371-070449 229.400509800 -15.918923900 -7.8 -7.9 15.693
371-070450 229.408127400 -15.825573700 1.8 0.5 15.440
371-070451 229.411570600 -15.936288400 8.4 -34.9 12.845
371-070452 229.411842100 -15.884488900 -7.7 -3.7 12.885
371-070453 229.412013000 -15.875133100 -3.1 13.2 99.999
371-070454 229.412424200 -15.925963100 -2.8 2.3 13.839
371-070455 229.417973900 -15.880795000 -8.6 0.3 99.999
371-070456 229.419836500 -15.997836200 -4.4 -3.4 14.624
371-070457 229.420553600 -15.857513100 -3.4 -16.2 16.931
371-070458 229.422587700 -15.954264800 -30.8 -14.8 15.098
371-070459 229.427795900 -15.865260600 -2.9 -16.2 15.283
371-070460 229.431171200 -15.808848700 -10.7 -11.4 14.169
371-070461 229.431178600 -15.922185300 -3.3 -3.9 16.307
371-070462 229.432788600 -15.841479800 -9.6 -3.1 16.552
371-070463 229.440827400 -15.863753900 -7.7 -6.3 16.889
371-070464 229.441262400 -15.971322800 -25.1 -1.2 15.110
371-070465 229.443447400 -15.805780900 -3.1 -21.9 12.241
371-070466 229.450651500 -15.919000000 -4.2 -19.1 17.215
371-070467 229.469393300 -15.948641700 -43.6 -9.9 15.977
371-070468 229.472566500 -15.870296700 3.9 -3.2 99.999
371-070469 229.473088600 -15.804369500 -11.6 -6.0 16.852
371-070470 229.473968900 -15.980520000 -52.9 55.7 15.217
371-070471 229.474892400 -15.981596400 59.0 -82.3 99.999
371-070472 229.475444500 -15.826885900 1.0 9.1 99.999
371-070473 229.475575300 -15.830208700 -14.8 -6.7 15.269
371-070474 229.477492700 -15.832638700 -17.1 -10.7 15.269
371-070475 229.487183300 -15.857182800 -18.2 8.4 99.999
371-070476 229.489480000 -15.880582000 -49.2 -2.2 99.999
371-070477 229.494347100 -15.815313100 -6.3 -4.9 99.999
371-070478 229.494435900 -15.810286700 -5.2 -2.3 16.646
371-070479 229.501562700 -15.828996400 -2.7 -8.1 15.051
371-070480 229.513167700 -15.870510600 -6.8 -0.4 16.936
371-070481 229.516537100 -15.994731700 -7.4 -10.6 99.999
371-070482 229.518570300 -15.948918700 -10.2 0.3 14.433
371-070483 229.519292400 -15.821287000 -9.8 -5.2 16.590
371-070484 229.519575600 -15.937063900 -2.3 5.5 16.711
371-070485 229.522520900 -15.924140900 -13.9 3.4 99.999
371-070486 229.523310300 -15.859741700 999999.9 999999.9 99.999
371-070487 229.529548600 -15.920801200 -7.3 -6.4 17.068
371-070488 229.531877100 -15.959511700 0.0 0.0 99.999
371-070489 229.532895900 -15.836473900 -9.2 3.1 14.783
371-070490 229.533680600 -15.947428900 -6.1 -1.8 99.999
371-070491 229.534191800 -15.804913900 -1.4 -4.2 16.711
371-070492 229.548366800 -15.942130300 2.7 0.4 16.221
371-070493 229.559342700 -15.888015600 -15.5 -7.3 15.618
371-070494 229.560204200 -15.929539800 -2.9 -0.7 16.420
371-070495 229.565657400 -15.815969500 -16.6 -9.8 15.073
371-070496 229.566405900 -15.907117300 -3.3 -0.8 16.943
371-070497 229.567532700 -15.954323700 -13.6 -7.9 15.795
371-070498 229.581575000 -15.873796700 -2.5 -23.9 13.210
371-070499 229.590408000 -15.986758700 -3.9 -5.7 14.906
371-070500 229.593886200 -15.979402300 -20.2 -9.0 15.638
371-070501 229.596372400 -15.974321700 -4.1 2.6 15.489
371-070502 229.600171800 -15.942090000 -11.9 -6.4 16.885
371-070503 229.606123000 -15.990570300 -12.7 -15.5 15.619
371-070504 229.606907400 -15.834812300 -17.1 -1.9 99.999
371-070505 229.610040900 -15.915212800 -5.3 0.9 16.570
371-070506 229.611533300 -15.969236200 -40.6 -13.0 13.759
371-070507 229.613865600 -15.880126200 -14.0 -9.8 15.232
371-070508 229.613994500 -15.849091400 -28.5 -15.0 15.689
371-070509 229.615251500 -15.848589200 0.0 0.0 99.999
371-070510 229.617480900 -15.843113400 4.3 -18.7 99.999
371-070511 229.620389200 -15.915982500 -3.6 3.3 16.613
371-070512 229.621243600 -15.978300300 -7.3 -6.4 12.542
371-070513 229.625287400 -15.812233100 -10.5 -5.2 16.459
371-070514 229.628765900 -15.852237800 -6.4 -7.1 15.614
371-070515 229.630100300 -15.876941400 -2.2 -0.4 15.785
371-070516 229.631163900 -15.853124200 10.7 -5.6 99.999
371-070517 229.632080000 -15.952540900 0.0 0.0 99.999
371-070518 229.639166200 -15.827788100 -13.4 11.4 99.999
371-070519 229.640113000 -15.833660300 -5.1 -6.8 14.444
371-070520 229.641977400 -15.941141200 -4.3 7.1 99.999
371-070521 229.642359500 -15.887482800 2.5 2.1 17.022
371-070522 229.643800600 -15.950404800 -0.8 -1.1 15.824
371-070523 229.644551800 -15.943986200 -2.2 -8.7 16.529
371-070524 229.649435600 -15.958835300 -5.7 -18.2 16.870
371-070525 229.654945900 -15.830889800 -11.0 -0.7 15.744
371-070526 229.659275300 -15.989515900 -7.3 9.0 17.154
371-070527 229.660224800 -15.805743100 -3.5 4.5 16.856
371-070528 229.665775600 -15.817466700 -23.0 -20.2 16.121
371-070529 229.667591800 -15.883877800 -15.1 -5.8 17.026
371-070530 229.671961500 -15.832402300 -20.7 -23.8 99.999
371-070531 229.672737100 -15.923514800 1.8 2.4 99.999
371-070532 229.677782400 -15.922986700 -11.4 -7.9 99.999
371-070533 229.678994500 -15.907749200 -13.0 0.8 16.794
371-070534 229.681780000 -15.965117000 -11.3 -12.5 16.369
371-070535 229.685061800 -15.817511400 -10.4 -8.9 16.594
371-070536 229.691706200 -15.917490300 -0.9 0.9 16.647
371-070537 229.691837700 -15.822236200 -6.1 -10.2 15.667
371-070538 229.694282700 -15.810603100 3.4 -10.0 16.415
371-070539 229.695593900 -15.991712800 2.2 1.6 13.294
371-070540 229.697045000 -15.979265000 -4.9 0.1 16.912
371-070541 229.697653600 -15.917710900 -4.6 3.3 99.999
371-070542 229.699440300 -15.800553400 0.1 -7.4 99.999
371-070543 229.705252400 -15.904857000 -6.8 -4.7 99.999
371-070544 229.706846500 -15.900248900 -32.6 -8.3 15.802
371-070545 229.709442400 -15.908144200 -4.5 -6.0 99.999
371-070546 229.709896200 -15.931176700 6.5 -4.5 16.609
371-070547 229.711876200 -15.805016700 -14.8 -9.7 15.153
371-070548 229.715972700 -15.875322000 -8.8 0.9 14.413
371-070549 229.716067400 -15.958216700 -5.1 -5.4 15.557
371-070550 229.722316200 -15.961340600 -10.0 -1.6 17.063
372-069553 228.685663300 -15.671232800 -0.5 -4.7 16.398
372-069554 228.688534800 -15.648302000 8.3 0.0 16.431
372-069555 228.689435000 -15.600999800 -14.7 9.2 99.999
372-069556 228.696127400 -15.768836200 -7.3 -10.4 99.999
372-069557 228.702160600 -15.682738700 -6.3 -7.0 16.541
372-069558 228.717287400 -15.773877500 -3.6 -2.4 16.067
372-069559 228.717757100 -15.693977000 -7.5 -10.6 15.666
372-069560 228.725930900 -15.776312000 -3.7 -1.5 99.999
372-069561 228.728594800 -15.744064200 0.0 0.0 99.999
372-069562 228.739932100 -15.646950900 9.0 -11.2 16.676
372-069563 228.746305600 -15.701436700 -4.4 -2.7 99.999
372-069564 228.747521200 -15.613342300 -23.5 -2.8 14.433
372-069565 228.763780600 -15.671180000 -13.9 -7.8 15.194
372-069566 228.764889800 -15.672875600 -87.6 -64.5 99.999
372-069567 228.767076200 -15.620072300 -7.8 -3.7 15.854
372-069568 228.771164200 -15.614091400 -40.4 -8.6 99.999
372-069569 228.772500600 -15.743942800 -7.6 5.3 15.915
372-069570 228.778098000 -15.753897500 1.3 -14.3 99.999
372-069571 228.781466800 -15.716279200 -15.0 -0.8 15.355
372-069572 228.782163600 -15.732572800 1.5 -28.8 15.477
372-069573 228.788806800 -15.603568100 -5.2 -13.8 15.369
372-069574 228.794793000 -15.750348100 -6.0 3.5 99.999
372-069575 228.802537100 -15.694370600 -11.5 -7.6 16.191
372-069576 228.803636200 -15.726235900 -4.4 2.8 15.891
372-069577 228.808653000 -15.784909200 -3.4 0.1 15.973
372-069578 228.813418300 -15.714104500 -8.0 40.9 15.655
372-069579 228.814533900 -15.794417300 -38.4 -39.8 99.999
372-069580 228.817612400 -15.677517800 -19.0 -3.4 15.846
372-069581 228.818302700 -15.654666700 -10.6 9.0 99.999
372-069582 228.818476800 -15.752518400 -3.5 0.3 99.999
372-069583 228.820107400 -15.640115600 -14.9 -8.0 14.434
372-069584 228.829765600 -15.644008700 -35.4 -26.6 14.013
372-069585 228.830374200 -15.698318700 -4.9 4.5 14.805
372-069586 228.834553600 -15.666126200 -4.8 4.0 99.999
372-069587 228.838448300 -15.710164800 1.4 -9.7 16.886
372-069588 228.843000600 -15.701811700 -6.9 -13.4 16.962
372-069589 228.846614500 -15.630442300 -12.8 -1.4 11.985
372-069590 228.849547700 -15.646190600 -16.6 -13.1 16.780
372-069591 228.852449500 -15.731798400 -5.4 -5.1 16.631
372-069592 228.856399200 -15.605963400 -10.1 -1.9 16.323
372-069593 228.858100900 -15.718814200 -0.8 -0.2 16.463
372-069594 228.860408300 -15.737305900 -8.6 3.8 99.999
372-069595 228.860778000 -15.699871200 21.3 -19.9 14.446
372-069596 228.860879500 -15.658929800 -3.3 0.2 16.501
372-069597 228.861576200 -15.738694800 0.4 -19.6 14.612
372-069598 228.864300600 -15.716441400 -12.5 0.5 15.623
372-069599 228.865424500 -15.649088700 -24.5 -23.8 15.710
372-069600 228.865943600 -15.648427000 999999.9 999999.9 99.999
372-069601 228.871322700 -15.689645900 2.3 2.6 16.908
372-069602 228.873924800 -15.603924800 -9.6 0.2 99.999
372-069603 228.882373900 -15.770637000 -11.5 -6.1 13.679
372-069604 228.887901800 -15.694135300 -11.9 -7.2 14.049
372-069605 228.889076500 -15.691623700 -14.6 -3.9 14.167
372-069606 228.889459800 -15.796148400 -13.3 13.7 99.999
372-069607 228.892645300 -15.765935000 5.6 -6.5 16.547
372-069608 228.898698000 -15.677126700 -4.7 3.4 99.999
372-069609 228.902380600 -15.671126400 -8.4 0.5 16.350
372-069610 228.906642400 -15.716193400 1.9 -10.5 15.764
372-069611 228.910800300 -15.605588100 2.6 4.5 14.633
372-069612 228.913214500 -15.685210600 -2.6 -5.7 16.788
372-069613 228.915784500 -15.641370000 -5.3 -35.1 16.491
372-069614 228.916247700 -15.667544500 26.4 -25.8 15.445
372-069615 228.924035300 -15.773077000 -14.2 11.1 15.788
372-069616 228.925358900 -15.710944200 -1.3 -6.9 15.634
372-069617 228.926715300 -15.666388100 -8.8 3.0 16.604
372-069618 228.937829500 -15.702190000 -6.0 4.6 16.763
372-069619 228.938789200 -15.758734800 -6.5 -10.7 99.999
372-069620 228.941298600 -15.754383400 -54.4 -11.2 99.999
372-069621 228.941706500 -15.729352500 -6.7 3.1 15.330
372-069622 228.943713300 -15.602906200 -9.8 9.4 16.534
372-069623 228.961379800 -15.739168400 -7.4 9.2 16.747
372-069624 228.965455000 -15.672168100 0.0 0.0 99.999
372-069625 228.967940900 -15.662546400 0.3 2.5 99.999
372-069626 228.969528600 -15.673048100 2.7 -18.0 10.993
372-069627 228.971387700 -15.700725000 -10.2 0.5 99.999
372-069628 228.971687400 -15.733304800 -17.2 10.0 16.378
372-069629 228.973774800 -15.682702000 -11.8 -2.0 15.681
372-069630 228.974410000 -15.745304200 -6.0 3.1 99.999
372-069631 228.974487400 -15.718660900 -14.6 7.2 16.597
372-069632 228.978922100 -15.636557800 -12.2 -7.0 16.510
372-069633 228.985425000 -15.603893100 -2.1 -5.4 99.999
372-069634 228.989594200 -15.726701700 -2.3 17.5 99.999
372-069635 228.990514800 -15.609956700 -12.1 -0.4 13.970
372-069636 229.006042700 -15.663416200 -9.6 -3.7 13.310
372-069637 229.028711200 -15.725925900 -0.7 -6.3 99.999
372-069638 229.031407100 -15.628442000 0.0 0.0 99.999
372-069639 229.032356500 -15.791875000 -14.9 -2.1 17.659
372-069640 229.035879200 -15.711775600 -21.2 -24.7 16.621
372-069641 229.037237400 -15.704419800 -0.7 -8.7 99.999
372-069642 229.038612400 -15.625058100 -7.6 -1.8 14.389
372-069643 229.039294800 -15.719659200 -23.8 5.7 99.999
372-069644 229.040000000 -15.763398900 -10.5 -4.5 15.031
372-069645 229.047879200 -15.789629800 -10.9 -6.5 16.742
372-069646 229.051208300 -15.781802300 -6.0 -4.9 15.420
372-069647 229.051702700 -15.719593400 -8.3 -23.0 99.999
372-069648 229.056304200 -15.637438700 1.1 0.6 99.999
372-069649 229.056342400 -15.618962800 72.1 -201.4 99.999
372-069650 229.060122400 -15.749571700 -29.2 -12.8 99.999
372-069651 229.063551800 -15.775582000 -12.5 -4.5 11.580
372-069652 229.069217400 -15.743989800 -2.8 -4.3 14.854
372-069653 229.070906800 -15.742359200 21.8 23.2 14.854
372-069654 229.074008600 -15.733523900 -14.9 -4.1 14.305
372-069655 229.075412700 -15.658942000 -4.4 -2.0 99.999
372-069656 229.076408900 -15.767808400 -4.6 -5.0 99.999
372-069657 229.076792400 -15.669959800 -47.9 -1.2 99.999
372-069658 229.076972100 -15.783794800 -29.7 -3.7 14.928
372-069659 229.082290000 -15.669593100 -44.3 3.5 16.188
372-069660 229.085259200 -15.708160300 -17.8 -2.7 15.339
372-069661 229.086734800 -15.781785600 -2.4 -0.5 16.908
372-069662 229.089067400 -15.774082800 -22.5 -39.4 13.907
372-069663 229.089598300 -15.761867300 -1.3 1.7 14.055
372-069664 229.094056800 -15.731781200 -7.7 10.5 16.837
372-069665 229.094680900 -15.749448100 -9.4 -19.1 16.036
372-069666 229.099438900 -15.631977500 2.0 7.2 15.796
372-069667 229.104018000 -15.797354800 0.5 6.4 15.395
372-069668 229.107954800 -15.605550300 -13.5 -4.6 99.999
372-069669 229.108997400 -15.609157800 9.5 -12.6 99.999
372-069670 229.121659800 -15.613684200 -5.8 -5.2 99.999
372-069671 229.122405300 -15.791826700 -14.2 -17.0 17.352
372-069672 229.122506500 -15.692038700 9.5 -0.2 15.213
372-069673 229.123464800 -15.640636400 -10.3 -5.9 99.999
372-069674 229.125568900 -15.780343100 -13.0 1.8 16.967
372-069675 229.134280600 -15.785849500 6.9 -15.5 99.999
372-069676 229.137065600 -15.620153100 -14.3 4.2 12.753
372-069677 229.139270600 -15.620515300 999999.9 999999.9 99.999
372-069678 229.139807700 -15.789510900 -15.2 10.6 16.249
372-069679 229.144989200 -15.627175000 -29.9 -36.0 15.991
372-069680 229.149600900 -15.607039500 -3.8 -6.6 99.999
372-069681 229.150969800 -15.669281200 -8.3 -9.6 99.999
372-069682 229.159700600 -15.795223900 -50.3 -45.0 14.181
372-069683 229.165561500 -15.760048900 0.2 1.0 16.761
372-069684 229.167837400 -15.727017300 -13.2 -27.4 15.297
372-069685 229.169501800 -15.735669800 -19.6 -1.7 99.999
372-069686 229.177183900 -15.771794800 2.1 -9.7 16.573
372-069687 229.182387400 -15.650622500 -12.2 -2.7 16.180
372-069688 229.183213000 -15.699829200 -1.0 -4.6 99.999
372-069689 229.189072700 -15.725907300 -7.3 -21.6 11.028
372-069690 229.189852100 -15.765474200 -15.1 -7.7 16.475
372-069691 229.193023000 -15.741277300 -12.0 -7.1 15.241
372-069692 229.193357400 -15.702198900 0.0 0.0 99.999
372-069693 229.195822400 -15.604520000 -14.3 -29.5 16.602
372-069694 229.203174200 -15.654203900 -1.7 -18.8 15.470
372-069695 229.203643600 -15.685847500 2.5 -0.7 12.158
372-069696 229.219855600 -15.759028900 -8.9 10.6 99.999
372-069697 229.236406200 -15.771739500 -43.8 -3.5 13.577
372-069698 229.239220000 -15.648607500 -1.6 5.6 15.649
372-069699 229.239954200 -15.672946200 -14.0 -5.1 16.195
372-069700 229.241785300 -15.713614200 -3.1 -2.5 15.177
372-069701 229.242737100 -15.693697000 -6.1 -3.4 15.092
372-069702 229.245183300 -15.624102300 -18.3 -2.3 99.999
372-069703 229.247520900 -15.626989500 -1.7 -5.2 99.999
372-069704 229.247961800 -15.714760600 -1.0 -8.0 16.619
372-069705 229.250750900 -15.790208700 -6.4 -6.7 16.564
372-069706 229.260765600 -15.661469500 -8.7 -6.0 99.999
372-069707 229.262220600 -15.639057000 -27.4 3.0 11.858
372-069708 229.263688000 -15.656676200 0.0 0.0 99.999
372-069709 229.273173600 -15.727112300 -11.1 -3.8 14.827
372-069710 229.276528300 -15.666904200 -16.8 2.7 15.975
372-069711 229.281630300 -15.621673900 -10.7 -2.6 16.250
372-069712 229.282070300 -15.639117800 -3.9 4.6 12.170
372-069713 229.282133000 -15.710365000 4.7 -9.1 14.794
372-069714 229.286534200 -15.642653100 -7.6 -22.2 99.999
372-069715 229.291697400 -15.735813100 -13.1 -1.0 14.307
372-069716 229.299453600 -15.690631200 -4.3 -10.9 16.729
372-069717 229.301946800 -15.731704500 -17.9 -11.2 99.999
372-069718 229.303747100 -15.771468900 -13.7 -1.8 16.954
372-069719 229.308082400 -15.600882500 -6.6 -8.7 16.304
372-069720 229.314377400 -15.644150300 -2.0 0.1 15.540
372-069721 229.316182400 -15.730039800 1.0 -5.1 16.378
372-069722 229.319032700 -15.646342500 -2.9 -3.6 99.999
372-069723 229.319593900 -15.605195900 -8.1 4.0 17.246
372-069724 229.324718900 -15.663130600 -4.8 -4.9 13.722
372-069725 229.344536500 -15.657663700 -12.9 -9.7 17.823
372-069726 229.347143000 -15.743637800 -2.6 -20.9 99.999
372-069727 229.347252100 -15.754137000 -4.2 3.5 14.072
372-069728 229.348584200 -15.709168900 -15.6 -4.3 16.195
372-069729 229.352523300 -15.773222800 3.8 -3.8 14.609
372-069730 229.359278000 -15.626004800 -32.6 -16.7 14.131
372-069731 229.361110900 -15.677912000 -67.9 -101.0 99.999
372-069732 229.363522400 -15.773340300 1.4 -6.7 16.756
372-069733 229.367263300 -15.612347000 -40.6 -12.9 12.245
372-069734 229.369504200 -15.728052800 5.9 2.9 16.803
372-069735 229.372187400 -15.790311400 -5.3 2.7 99.999
372-069736 229.377278900 -15.726569800 -5.8 1.1 17.190
372-069737 229.379733900 -15.796467500 -1.6 5.5 17.394
372-069738 229.391125300 -15.618538100 -12.5 -10.7 16.047
372-069739 229.397108600 -15.751088400 -6.1 -6.6 16.303
372-069740 229.398683600 -15.623001200 -27.1 -13.0 15.707
372-069741 229.401029200 -15.657630000 -10.3 -1.3 14.877
372-069742 229.401248600 -15.634702800 -15.2 -6.0 16.143
372-069743 229.411518000 -15.757105000 -12.5 -0.2 17.327
372-069744 229.412375900 -15.653342300 -16.6 -4.0 16.277
372-069745 229.423587400 -15.659245900 5.8 12.2 15.436
372-069746 229.444924800 -15.796363700 0.9 -5.4 13.677
372-069747 229.450673000 -15.602872300 -23.3 5.4 99.999
372-069748 229.451892400 -15.759314500 -8.2 -3.8 15.809
372-069749 229.453235900 -15.605712800 -9.3 -11.9 99.999
372-069750 229.456977700 -15.606862500 -9.0 -2.0 99.999
372-069751 229.459015900 -15.799102500 -21.4 0.4 16.543
372-069752 229.460960000 -15.665884500 -3.4 5.2 14.205
372-069753 229.467143600 -15.757442800 -14.4 -6.2 99.999
372-069754 229.468706200 -15.644550900 18.8 1.2 15.998
372-069755 229.469732700 -15.676931700 -13.9 -11.6 16.495
372-069756 229.470508000 -15.756730300 -5.9 -7.4 15.836
372-069757 229.474258900 -15.752789500 -10.3 -2.2 13.882
372-069758 229.475144800 -15.657323900 -15.5 1.3 16.171
372-069759 229.476893300 -15.744083700 -6.0 -5.0 12.677
372-069760 229.492432400 -15.614503700 -5.4 -9.3 16.828
372-069761 229.492702700 -15.664455600 12.5 -9.9 17.268
372-069762 229.501740300 -15.707966200 -53.9 0.2 16.762
372-069763 229.501847700 -15.625181200 -3.2 -1.6 16.144
372-069764 229.507892100 -15.645265900 -11.5 -8.3 15.919
372-069765 229.517219500 -15.699077300 -5.8 -4.4 99.999
372-069766 229.523929200 -15.780948400 -6.9 -13.2 16.978
372-069767 229.532575000 -15.632603700 6.3 7.1 99.999
372-069768 229.539487100 -15.665301400 -24.3 16.8 99.999
372-069769 229.544233000 -15.770542500 -19.7 -1.5 14.989
372-069770 229.546902400 -15.691787300 -4.8 -18.0 14.150
372-069771 229.548182400 -15.624472000 -22.2 -15.8 15.815
372-069772 229.549417400 -15.757521400 -4.8 -19.4 15.360
372-069773 229.550598900 -15.752802000 0.0 0.0 99.999
372-069774 229.553773300 -15.640166700 -1.5 -7.6 99.999
372-069775 229.558570300 -15.658998700 -34.9 -12.1 15.694
372-069776 229.564170000 -15.756160600 -10.3 1.4 16.645
372-069777 229.566788600 -15.626866200 -13.4 -8.3 15.927
372-069778 229.569534200 -15.626457800 23.0 3.6 99.999
372-069779 229.569683900 -15.705201200 202.6 157.7 99.999
372-069780 229.575151500 -15.610783400 -3.1 -30.7 16.326
372-069781 229.575814200 -15.769270000 -25.6 -9.6 16.049
372-069782 229.583804200 -15.771262000 13.4 -17.4 12.589
372-069783 229.585441200 -15.699915900 -9.4 -7.7 12.607
372-069784 229.586048300 -15.639049200 1.7 9.6 17.048
372-069785 229.587107100 -15.667403700 -1.0 -2.0 99.999
372-069786 229.589678300 -15.790486400 -11.1 1.0 15.789
372-069787 229.604481200 -15.755894500 -14.3 -5.1 99.999
372-069788 229.613283600 -15.622315300 -83.9 -35.1 10.720
372-069789 229.621406800 -15.621466700 3.6 -11.2 99.999
372-069790 229.622039800 -15.654833900 -6.3 -34.9 14.295
372-069791 229.622612400 -15.779274500 -9.3 -4.9 15.208
372-069792 229.624705900 -15.780932000 -9.0 -11.6 15.208
372-069793 229.635502700 -15.706451200 -9.0 -11.6 16.541
372-069794 229.643498900 -15.737284200 -5.1 -2.7 99.999
372-069795 229.644408300 -15.705251700 -1.2 -1.2 99.999
372-069796 229.650912400 -15.763213400 -19.2 -10.7 14.723
372-069797 229.651057400 -15.725646400 -10.5 0.0 15.937
372-069798 229.662503900 -15.665206700 -2.7 -8.8 16.894
372-069799 229.662827100 -15.708777800 -19.3 -9.5 99.999
372-069800 229.665214800 -15.766412500 -7.3 -7.2 13.113
372-069801 229.665814200 -15.645313100 3.1 -9.7 16.389
372-069802 229.667579500 -15.751718100 -8.6 -1.7 15.214
372-069803 229.674689800 -15.741106200 -16.4 -45.9 16.626
372-069804 229.676220900 -15.706872800 0.0 0.0 99.999
372-069805 229.679732400 -15.778004500 -304.9 -191.0 15.583
372-069806 229.681142100 -15.617683400 -2.7 5.6 99.999
372-069807 229.681365300 -15.674126400 -7.8 -2.3 99.999
372-069808 229.684595900 -15.739419800 -19.1 -6.5 16.806
372-069809 229.696308300 -15.717018400 3.3 -10.7 14.139
372-069810 229.705867400 -15.695768400 -1.5 5.5 15.530
372-069811 229.709388300 -15.744822300 -4.2 -11.8 16.028
372-069812 229.714617700 -15.647550900 -9.6 3.7 16.579
372-069813 229.715025600 -15.686964500 -18.2 -1.7 99.999
372-069814 229.717389500 -15.658701400 -13.1 -2.4 14.179
373-071904 228.685630600 -15.487546400 17.8 -22.5 11.861
373-071905 228.693272400 -15.450798400 -0.7 -24.9 15.042
373-071906 228.697117400 -15.581683400 -19.6 1.4 99.999
373-071907 228.698033300 -15.412620900 -12.4 -1.2 13.226
373-071908 228.701415000 -15.532307300 -7.0 -3.0 99.999
373-071909 228.705880900 -15.453558900 -13.7 -5.5 14.859
373-071910 228.711580600 -15.550722000 -23.5 -2.3 15.236
373-071911 228.714368900 -15.587412500 -36.7 -2.0 16.259
373-071912 228.720927100 -15.402153900 -7.7 4.1 16.534
373-071913 228.729525900 -15.490471700 -11.5 -3.6 12.843
373-071914 228.734380000 -15.443575000 1.1 -1.3 17.306
373-071915 228.734416500 -15.522166700 -7.4 -11.2 99.999
373-071916 228.746389500 -15.463757000 -4.7 3.0 14.534
373-071917 228.747380000 -15.449093700 -2.5 5.4 16.441
373-071918 228.750790300 -15.423355000 -2.2 -15.5 99.999
373-071919 228.755700300 -15.555163900 -12.7 2.6 13.739
373-071920 228.757192700 -15.511283900 -17.7 -9.6 15.802
373-071921 228.757675300 -15.552350000 12.7 1.5 99.999
373-071922 228.758202400 -15.580184200 -7.3 -4.4 16.334
373-071923 228.762821500 -15.518515300 -13.3 -2.5 16.118
373-071924 228.768476200 -15.539865600 12.0 3.2 99.999
373-071925 228.770094200 -15.522789200 3.0 3.3 99.999
373-071926 228.771197400 -15.410714200 -2.7 1.9 16.966
373-071927 228.774843000 -15.561247500 -7.5 -3.2 99.999
373-071928 228.777613000 -15.478547800 -12.8 -8.1 99.999
373-071929 228.782697400 -15.580168400 -5.4 8.0 13.262
373-071930 228.794877100 -15.491290600 -12.6 -9.3 16.979
373-071931 228.797971200 -15.581493900 -20.4 -4.7 11.258
373-071932 228.798177400 -15.588160300 6.0 -25.5 13.882
373-071933 228.798728900 -15.512988900 -9.5 4.6 15.791
373-071934 228.803740300 -15.520463400 -9.2 -2.7 14.039
373-071935 228.806284200 -15.578735300 0.0 0.0 99.999
373-071936 228.808242400 -15.582142500 999999.9 999999.9 99.999
373-071937 228.808752700 -15.496180900 -9.9 2.9 16.470
373-071938 228.811840900 -15.419230300 -3.4 -3.6 14.958
373-071939 228.813098300 -15.586740000 0.6 -1.3 99.999
373-071940 228.826682700 -15.592022500 -8.9 3.0 14.229
373-071941 228.826807400 -15.432917000 -1.1 0.9 15.595
373-071942 228.830090000 -15.525117000 -5.7 -2.9 16.358
373-071943 228.844416500 -15.472722300 -4.6 -9.0 99.999
373-071944 228.844677400 -15.596125900 -16.8 -1.7 16.507
373-071945 228.849210300 -15.524250900 -6.1 -3.5 16.268
373-071946 228.851407400 -15.563259800 11.5 -28.5 99.999
373-071947 228.862442400 -15.555935000 -15.4 2.8 17.040
373-071948 228.864315300 -15.480947500 -7.6 -2.0 99.999
373-071949 228.868525300 -15.411889500 -1.9 5.8 15.389
373-071950 228.868576800 -15.462177800 -1.9 -6.2 99.999
373-071951 228.870131500 -15.523847500 -9.3 -4.1 99.999
373-071952 228.870251200 -15.505052300 -20.5 -7.6 13.340
373-071953 228.871369800 -15.465135900 -18.3 1.1 99.999
373-071954 228.876504200 -15.487537500 -13.4 -1.8 99.999
373-071955 228.882061200 -15.471434200 3.4 -17.5 12.871
373-071956 228.883113900 -15.425096400 -1.5 18.1 15.766
373-071957 228.884594500 -15.545328100 -5.0 -5.4 15.900
373-071958 228.886298300 -15.503157500 -10.3 2.7 99.999
373-071959 228.895562100 -15.552624200 -3.2 19.4 16.680
373-071960 228.898628900 -15.499603100 -29.4 -4.6 16.718
373-071961 228.902830000 -15.476931700 -16.1 -2.4 15.961
373-071962 228.903185300 -15.560810600 -5.5 4.2 99.999
373-071963 228.911185600 -15.497773100 -9.1 1.2 16.149
373-071964 228.918640900 -15.565963900 -3.3 21.5 16.347
373-071965 228.925177100 -15.591305600 -3.9 -4.6 16.394
373-071966 228.925615000 -15.453170000 -9.5 -1.4 16.686
373-071967 228.925817700 -15.406255900 -1.9 -2.7 17.024
373-071968 228.931352400 -15.538683700 -8.3 0.3 99.999
373-071969 228.938494200 -15.451149200 17.0 -2.9 16.095
373-071970 228.941252400 -15.540653900 -14.7 -1.6 16.452
373-071971 228.944661200 -15.551403400 -12.1 -10.8 14.502
373-071972 228.946914500 -15.494471400 0.6 3.4 99.999
373-071973 228.947155600 -15.581999500 -10.5 -4.7 99.999
373-071974 228.948221200 -15.428480600 -7.8 0.7 16.339
373-071975 228.950036500 -15.400543900 -20.5 -4.9 14.681
373-071976 228.957315900 -15.456243700 -16.9 7.9 12.819
373-071977 228.959565300 -15.517290900 -9.0 -16.0 99.999
373-071978 228.959725300 -15.436928400 -12.5 -6.3 16.322
373-071979 228.962114800 -15.559590900 106.1 -91.0 99.999
373-071980 228.962611200 -15.590144500 -11.1 -10.2 12.488
373-071981 228.963922400 -15.476538100 -1.1 -5.5 99.999
373-071982 228.970431200 -15.449609200 -5.4 -5.2 14.976
373-071983 228.970767400 -15.516418400 113.8 220.7 99.999
373-071984 228.971766500 -15.420930300 -13.5 -12.7 14.162
373-071985 228.974557100 -15.430458100 -1.9 6.3 99.999
373-071986 228.975033300 -15.574107500 -10.8 10.4 99.999
373-071987 228.977133900 -15.590901700 0.0 0.0 99.999
373-071988 228.980610600 -15.445142300 -6.3 5.6 15.052
373-071989 228.983048600 -15.404106200 12.5 -18.4 99.999
373-071990 228.986213000 -15.404559500 -16.4 -0.2 99.999
373-071991 228.986983600 -15.484075000 -15.4 2.9 15.687
373-071992 228.987922700 -15.554977300 -16.7 -13.7 14.697
373-071993 228.997005300 -15.453070600 -53.4 -22.1 13.292
373-071994 228.997511500 -15.404781200 -8.9 0.1 15.417
373-071995 228.999911200 -15.484224200 -15.0 -1.1 15.967
373-071996 228.999916200 -15.403059200 12.9 9.8 99.999
373-071997 229.004410900 -15.524347500 -44.9 -13.1 12.179
373-071998 229.005470900 -15.479655300 -6.0 -2.3 99.999
373-071999 229.006250300 -15.545044800 114.2 -28.8 99.999
373-072000 229.010819800 -15.533488700 -11.4 22.6 99.999
373-072001 229.011073000 -15.440827500 6.4 -14.1 99.999
373-072002 229.015042400 -15.456707800 -9.6 -16.3 16.575
373-072003 229.016338600 -15.532958400 -35.7 9.7 15.256
373-072004 229.024039200 -15.545527300 3.6 -2.2 15.483
373-072005 229.025613000 -15.412548100 -8.1 0.7 15.422
373-072006 229.026006200 -15.439463100 -12.8 -4.8 14.354
373-072007 229.032065300 -15.491742300 -4.1 -2.6 16.325
373-072008 229.034515600 -15.561854500 12.8 -28.7 16.856
373-072009 229.037129200 -15.579788700 -4.7 -8.1 17.053
373-072010 229.039560300 -15.446897500 -19.8 -5.2 99.999
373-072011 229.044343600 -15.486822800 -16.2 1.8 15.081
373-072012 229.051348000 -15.515728900 -22.5 -33.5 11.277
373-072013 229.056094800 -15.559271700 -2.1 2.3 99.999
373-072014 229.059514200 -15.511500600 -16.5 -7.1 13.749
373-072015 229.061525000 -15.514065600 7.1 -3.7 99.999
373-072016 229.071965300 -15.499860600 -2.9 -2.4 99.999
373-072017 229.075932100 -15.539805300 -3.2 -15.5 11.678
373-072018 229.092380900 -15.439656200 -11.4 -2.4 16.223
373-072019 229.093111500 -15.501771700 5.9 -14.8 99.999
373-072020 229.098764800 -15.583859500 -16.5 -4.3 12.922
373-072021 229.100840600 -15.471276400 -11.1 -4.5 99.999
373-072022 229.102197100 -15.597790600 -8.7 10.2 99.999
373-072023 229.105983900 -15.477051200 -2.9 -0.4 15.393
373-072024 229.115300300 -15.467466400 5.9 -4.9 15.756
373-072025 229.116153600 -15.544439500 23.9 7.2 99.999
373-072026 229.116693000 -15.586509200 -9.8 -4.5 10.689
373-072027 229.118812400 -15.403371700 -5.9 -3.1 99.999
373-072028 229.120813600 -15.434333700 -23.1 -6.6 99.999
373-072029 229.122595600 -15.513726200 -33.1 -1.0 17.509
373-072030 229.125989200 -15.426376200 -5.9 100.9 99.999
373-072031 229.128482400 -15.522180300 -10.3 15.4 99.999
373-072032 229.137755600 -15.596265300 1.3 -2.5 99.999
373-072033 229.138311200 -15.413695600 -6.0 -6.9 15.843
373-072034 229.141831800 -15.597837000 -16.8 -7.2 99.999
373-072035 229.146475900 -15.553313700 -10.8 -11.5 99.999
373-072036 229.153915300 -15.501608400 7.1 2.1 99.999
373-072037 229.162064200 -15.440174800 -5.2 -3.6 16.121
373-072038 229.164042700 -15.448362800 -2.6 3.4 99.999
373-072039 229.164828900 -15.442562800 -11.3 -5.6 16.121
373-072040 229.165492400 -15.494268700 -2.6 -3.9 99.999
373-072041 229.166540600 -15.537120900 -4.4 -6.6 16.083
373-072042 229.173272400 -15.439725600 -9.7 -1.0 15.513
373-072043 229.173648900 -15.481289800 -11.0 -6.2 16.502
373-072044 229.175081500 -15.507727000 -6.5 -9.5 16.599
373-072045 229.177285600 -15.519868700 -2.0 2.6 15.058
373-072046 229.177656800 -15.562743400 -7.0 12.3 17.121
373-072047 229.178111500 -15.441650300 -6.5 -4.6 99.999
373-072048 229.179882400 -15.413350000 -23.7 0.4 99.999
373-072049 229.180132400 -15.574575000 1.7 -0.4 15.527
373-072050 229.192703300 -15.534197800 -7.4 5.9 16.824
373-072051 229.193416800 -15.422915000 -7.5 -2.3 16.982
373-072052 229.193667100 -15.405450900 -6.5 7.2 99.999
373-072053 229.196477400 -15.494612800 0.0 0.0 17.485
373-072054 229.206337700 -15.516505600 -4.2 0.7 99.999
373-072055 229.224902700 -15.590718700 -21.4 -9.6 14.930
373-072056 229.238693600 -15.575325000 0.0 0.0 15.697
373-072057 229.240133000 -15.512946400 0.9 6.7 16.909
373-072058 229.241464800 -15.561013700 -14.0 -2.2 99.999
373-072059 229.248598600 -15.582930300 12.9 20.9 99.999
373-072060 229.250661500 -15.487523400 -0.8 -1.6 15.892
373-072061 229.253702100 -15.550353100 -15.1 7.7 16.767
373-072062 229.254036800 -15.575770600 -1.9 5.9 99.999
373-072063 229.256551500 -15.577376700 3.6 0.2 10.147
373-072064 229.256803900 -15.494891700 -3.3 -13.8 12.727
373-072065 229.272451200 -15.561805900 -5.4 -2.2 16.294
373-072066 229.280376800 -15.459091200 -5.8 -8.7 99.999
373-072067 229.284167400 -15.462604200 -7.0 -19.0 14.698
373-072068 229.294619800 -15.441207800 -6.5 -4.8 16.357
373-072069 229.300336200 -15.481232800 -4.7 -1.2 99.999
373-072070 229.305507400 -15.491735300 -28.3 -9.1 17.273
373-072071 229.307986200 -15.468205900 5.5 -7.1 14.410
373-072072 229.309966200 -15.422772300 -1.0 4.8 15.758
373-072073 229.312231500 -15.409501400 -21.2 -15.0 99.999
373-072074 229.313788000 -15.537886700 -21.0 -6.8 16.628
373-072075 229.315189800 -15.482482500 0.0 0.0 99.999
373-072076 229.315884800 -15.417002300 15.0 -9.1 17.010
373-072077 229.321790300 -15.563341400 -10.0 -2.0 15.864
373-072078 229.324852400 -15.451014200 -16.2 -3.7 17.031
373-072079 229.332069500 -15.513286400 -15.2 -1.5 15.573
373-072080 229.339652100 -15.410193100 7.0 4.0 16.665
373-072081 229.340404500 -15.451550300 4.7 -6.7 14.079
373-072082 229.341266500 -15.549827000 -15.0 -4.8 17.086
373-072083 229.347181200 -15.499938400 -17.3 -1.1 16.660
373-072084 229.352418300 -15.430102800 -4.4 -0.6 14.818
373-072085 229.353367100 -15.547891200 -20.5 26.7 99.999
373-072086 229.354405600 -15.549933400 3.2 -11.5 15.198
373-072087 229.356998300 -15.487091200 -3.7 7.1 99.999
373-072088 229.362955000 -15.425931400 -3.5 -6.1 14.455
373-072089 229.364142400 -15.463260600 -5.6 0.2 16.483
373-072090 229.368435600 -15.546503700 8.9 -7.9 16.808
373-072091 229.370461200 -15.514630900 -11.2 10.8 17.081
373-072092 229.397118600 -15.431560600 -5.9 -8.4 16.524
373-072093 229.398757700 -15.450093100 -16.4 -4.1 13.240
373-072094 229.398942700 -15.413385900 -4.3 -12.6 17.485
373-072095 229.407530300 -15.569219800 -11.5 -4.8 15.729
373-072096 229.410246800 -15.597891700 -13.5 7.0 11.770
373-072097 229.417173300 -15.502595600 -9.6 13.7 15.442
373-072098 229.417557100 -15.494285900 -6.1 -4.5 99.999
373-072099 229.420413000 -15.421333700 -2.8 2.8 16.071
373-072100 229.421092400 -15.518968400 -17.3 -3.7 16.065
373-072101 229.424603300 -15.411938100 -12.1 -8.2 15.141
373-072102 229.427478600 -15.559023100 -5.8 -22.3 16.542
373-072103 229.432897700 -15.577139800 -17.7 15.2 14.559
373-072104 229.441215900 -15.479135900 -2.0 -12.4 16.467
373-072105 229.443126500 -15.414813700 6.0 -1.3 14.970
373-072106 229.444178300 -15.424905600 -11.4 8.9 16.116
373-072107 229.450040900 -15.549402500 7.6 -5.9 14.661
373-072108 229.450440300 -15.429202300 -35.2 -2.1 13.576
373-072109 229.450865000 -15.481263100 11.4 -12.8 17.220
373-072110 229.453977400 -15.488468100 -11.1 -19.8 14.712
373-072111 229.459532700 -15.524947000 -15.2 -0.4 16.990
373-072112 229.460870900 -15.460722300 -12.6 3.6 14.797
373-072113 229.466053000 -15.403828400 -5.2 -5.9 13.499
373-072114 229.469675600 -15.591822800 -3.5 -5.5 15.324
373-072115 229.472889500 -15.437214800 -0.6 1.6 16.017
373-072116 229.474042700 -15.509862300 -25.9 -2.4 16.474
373-072117 229.475132400 -15.488194500 -23.8 -3.6 14.793
373-072118 229.476337400 -15.568002300 -24.9 7.7 16.071
373-072119 229.477948600 -15.581855300 -21.5 -2.2 15.664
373-072120 229.483966200 -15.579236200 -16.3 -6.4 14.863
373-072121 229.485513900 -15.568179500 999999.9 999999.9 99.999
373-072122 229.492930000 -15.596765000 -9.3 -3.8 16.623
373-072123 229.501731200 -15.597837800 -2.9 -18.0 16.497
373-072124 229.508996800 -15.500506200 -7.5 39.5 99.999
373-072125 229.516351200 -15.574468700 -15.4 2.6 99.999
373-072126 229.520392400 -15.494651700 -15.5 -4.1 16.686
373-072127 229.520396200 -15.589621400 -11.1 -9.3 99.999
373-072128 229.520508900 -15.427423400 -9.8 -8.4 99.999
373-072129 229.523392700 -15.445665000 -26.1 2.5 14.651
373-072130 229.524027400 -15.529084200 -9.0 -3.9 16.553
373-072131 229.528385000 -15.468719200 -18.7 -0.7 17.286
373-072132 229.529456800 -15.584642500 -4.4 -10.3 15.364
373-072133 229.530703300 -15.575440000 11.4 3.9 15.785
373-072134 229.531216800 -15.493189500 -16.6 6.2 15.229
373-072135 229.535179800 -15.547653100 -8.2 -6.0 16.587
373-072136 229.541442400 -15.411668900 -3.0 -4.7 14.049
373-072137 229.544602100 -15.587764800 -2.3 -0.8 16.188
373-072138 229.548402100 -15.530194800 -9.2 -62.6 12.069
373-072139 229.555958300 -15.502942500 -0.5 5.8 13.966
373-072140 229.557380300 -15.541807800 -0.5 -5.0 13.449
373-072141 229.563480900 -15.433726400 -8.1 7.1 15.372
373-072142 229.564749200 -15.440497800 -9.2 -13.4 15.788
373-072143 229.568600300 -15.557680000 -2.7 -7.1 99.999
373-072144 229.571522100 -15.435658700 -4.3 -5.9 16.545
373-072145 229.580581200 -15.505028100 -0.7 -7.0 16.147
373-072146 229.582679200 -15.490918700 -16.8 -45.5 16.702
373-072147 229.589793300 -15.482239800 -29.4 -12.0 15.001
373-072148 229.591060600 -15.484157000 -11.7 -15.9 15.001
373-072149 229.593883600 -15.595813900 -2.6 -4.0 17.273
373-072150 229.594855000 -15.503290300 23.8 2.9 99.999
373-072151 229.598910600 -15.437798900 -18.9 -7.1 14.913
373-072152 229.603217400 -15.512453100 -5.2 6.9 16.119
373-072153 229.604244200 -15.471975900 0.6 -10.6 99.999
373-072154 229.611115600 -15.558907300 2.1 3.5 16.883
373-072155 229.619184500 -15.402950000 -19.5 0.6 16.566
373-072156 229.629595900 -15.532920600 -5.1 -0.4 15.546
373-072157 229.635950300 -15.591145300 -4.5 -1.7 15.607
373-072158 229.644790000 -15.499341400 -15.6 -9.9 14.682
373-072159 229.648020900 -15.561195900 -1.7 -0.4 16.005
373-072160 229.648199200 -15.595267000 -12.3 -6.6 16.402
373-072161 229.652869500 -15.428425000 -8.1 -6.3 16.765
373-072162 229.657212400 -15.413027800 -4.7 6.2 99.999
373-072163 229.660423300 -15.493979800 -6.5 -7.2 99.999
373-072164 229.670961200 -15.547849200 -0.8 -4.2 13.903
373-072165 229.671155600 -15.435485900 -7.2 -14.3 16.067
373-072166 229.671968600 -15.410212800 11.0 -15.4 99.999
373-072167 229.673046800 -15.470431400 -5.1 -7.9 17.346
373-072168 229.704108000 -15.590813700 -4.9 -6.0 16.293
373-072169 229.710502400 -15.509905600 -12.3 -3.5 16.008
373-072170 229.713903300 -15.423332500 -0.9 3.1 16.168
373-072171 229.716678300 -15.418156400 -6.6 -5.2 99.999
373-072172 229.718558000 -15.522260000 -7.4 -10.3 16.359
373-072173 229.719504200 -15.461034200 -1.8 0.5 99.999
374-070241 228.686330900 -15.293267000 7.3 -21.8 15.609
374-070242 228.688427400 -15.339067000 -14.8 14.2 16.640
374-070243 228.689219800 -15.368634500 3.9 8.5 99.999
374-070244 228.694353600 -15.235388100 -8.2 -7.3 99.999
374-070245 228.694571500 -15.356345900 -7.3 3.6 15.345
374-070246 228.697374800 -15.232968400 -6.6 3.5 12.144
374-070247 228.697865900 -15.364905600 -3.5 -2.5 15.405
374-070248 228.700312400 -15.288376200 -6.0 0.1 16.266
374-070249 228.710203300 -15.304593900 -10.3 -12.2 16.031
374-070250 228.712545900 -15.238387000 3.8 -9.7 15.692
374-070251 228.727975900 -15.252568400 4.2 -5.5 99.999
374-070252 228.731637400 -15.218238700 -21.9 15.9 11.698
374-070253 228.734662100 -15.335450600 9.9 6.1 99.999
374-070254 228.736578000 -15.338448100 -14.7 2.4 99.999
374-070255 228.741924200 -15.217064200 -21.3 -9.0 16.412
374-070256 228.745592700 -15.356947300 -15.2 -5.1 14.363
374-070257 228.745616800 -15.349279800 3.4 -17.7 12.025
374-070258 228.753242400 -15.296545300 -14.4 -11.9 99.999
374-070259 228.754852100 -15.272786200 -13.1 -3.5 13.605
374-070260 228.757393900 -15.332827000 -10.1 2.5 12.665
374-070261 228.768137400 -15.305586700 -14.2 2.5 14.459
374-070262 228.769913600 -15.215167500 13.2 -3.0 99.999
374-070263 228.773348900 -15.265428400 -11.3 -17.1 15.609
374-070264 228.781000000 -15.232323900 -6.3 4.5 99.999
374-070265 228.785561500 -15.367466400 -13.4 -7.0 16.297
374-070266 228.796327700 -15.244279500 -63.1 84.1 99.999
374-070267 228.801256200 -15.325919500 0.0 0.0 99.999
374-070268 228.805300000 -15.344050300 -6.6 -6.2 16.657
374-070269 228.814965300 -15.378570600 -25.6 -28.2 14.087
374-070270 228.819636200 -15.278015300 -17.6 -12.1 14.498
374-070271 228.823191500 -15.264472800 -33.3 -41.4 14.325
374-070272 228.834393600 -15.278432500 -6.5 -9.4 99.999
374-070273 228.842950600 -15.269665000 -14.8 -6.1 15.747
374-070274 228.853315300 -15.358005600 -12.1 -3.8 15.676
374-070275 228.855747400 -15.365252300 -15.0 0.4 13.644
374-070276 228.862645900 -15.226913900 -7.8 -1.4 15.774
374-070277 228.863690300 -15.279161400 -6.1 -9.4 16.290
374-070278 228.864070300 -15.294670300 -11.7 -6.3 99.999
374-070279 228.867401200 -15.204378900 -27.6 16.0 99.999
374-070280 228.870175600 -15.361038900 -12.7 -3.8 15.096
374-070281 228.872419200 -15.314758100 1.1 -5.0 15.925
374-070282 228.872717400 -15.231803900 -15.0 3.9 15.540
374-070283 228.879826500 -15.219752300 -2.5 -13.2 16.251
374-070284 228.879911500 -15.246891200 -21.2 5.4 16.079
374-070285 228.885181800 -15.306320300 12.6 5.5 99.999
374-070286 228.895786500 -15.221160000 -11.3 0.5 99.999
374-070287 228.900970300 -15.294630900 -15.7 6.0 15.249
374-070288 228.908983000 -15.354832800 -3.6 -7.7 15.916
374-070289 228.910877400 -15.244218100 -18.7 0.0 13.900
374-070290 228.916247100 -15.216263900 2.0 -0.1 13.797
374-070291 228.923396200 -15.328045900 -7.1 1.5 14.766
374-070292 228.925226200 -15.348314200 -9.6 -5.9 17.041
374-070293 228.927341200 -15.339985600 -9.0 10.8 15.820
374-070294 228.934558000 -15.214480000 -1.4 -5.3 16.878
374-070295 228.940834500 -15.355939800 -4.5 4.8 14.906
374-070296 228.945198600 -15.315580300 -6.3 17.5 14.540
374-070297 228.949866200 -15.295738700 2.7 -4.2 13.082
374-070298 228.952299200 -15.303058100 -7.1 -11.3 16.273
374-070299 228.959298600 -15.293148700 -10.2 -3.9 16.734
374-070300 228.959359200 -15.249915900 5.1 -3.2 13.704
374-070301 228.962940900 -15.237038700 -4.0 -1.8 15.557
374-070302 228.974235000 -15.298519800 -20.1 -41.8 11.926
374-070303 228.979695300 -15.276906700 -11.7 -3.1 14.329
374-070304 228.984304800 -15.392662800 -17.3 -6.2 15.308
374-070305 228.985382400 -15.340574500 15.3 -6.7 15.608
374-070306 228.986571800 -15.207183400 -21.1 -7.6 13.990
374-070307 228.990184800 -15.312037500 -2.4 -13.7 12.758
374-070308 228.991849500 -15.300260900 -6.1 -20.0 15.581
374-070309 228.993959200 -15.214552500 -11.0 7.0 16.489
374-070310 228.995997700 -15.277795900 -1.5 -10.5 17.145
374-070311 228.996179200 -15.369351200 -11.6 7.3 16.297
374-070312 228.999380300 -15.252555000 -9.8 1.8 14.801
374-070313 229.001945300 -15.379772300 0.3 -9.1 99.999
374-070314 229.010693000 -15.258644500 -10.7 -2.3 16.255
374-070315 229.010758000 -15.322616200 -6.8 10.0 99.999
374-070316 229.017203000 -15.203120900 -10.9 -4.4 99.999
374-070317 229.018472400 -15.303871700 -19.2 0.4 14.362
374-070318 229.018878600 -15.325108700 -5.7 4.9 16.718
374-070319 229.022919200 -15.276228900 -11.0 -6.2 99.999
374-070320 229.025847700 -15.341555600 -5.3 10.2 99.999
374-070321 229.029340900 -15.241422000 -7.1 -14.8 99.999
374-070322 229.033474800 -15.278115300 0.2 2.6 14.594
374-070323 229.046719500 -15.214142300 -12.9 -8.3 99.999
374-070324 229.050403600 -15.208823400 -10.9 -4.6 12.794
374-070325 229.050535000 -15.338723400 -5.5 3.1 14.870
374-070326 229.051735300 -15.236494200 -6.4 2.6 13.730
374-070327 229.053193300 -15.325822500 3.5 -5.0 16.765
374-070328 229.061389200 -15.337396200 -5.6 8.0 14.863
374-070329 229.062660600 -15.362373700 -6.3 -0.2 99.999
374-070330 229.067473900 -15.348729200 3.0 0.5 15.608
374-070331 229.072329200 -15.378020600 -4.9 -3.8 15.900
374-070332 229.075985300 -15.338743100 -13.5 8.1 15.992
374-070333 229.080939200 -15.258184800 -9.2 -13.2 17.115
374-070334 229.088465000 -15.227132300 -0.6 -10.1 15.339
374-070335 229.088716500 -15.233621400 -0.6 -1.6 99.999
374-070336 229.090043600 -15.217803900 -1.3 -1.3 99.999
374-070337 229.096910300 -15.328447500 -2.9 -5.2 15.485
374-070338 229.097044800 -15.300316700 -6.6 -17.5 99.999
374-070339 229.105167400 -15.218294200 -0.2 1.9 99.999
374-070340 229.115686500 -15.237823100 -6.7 -3.4 16.714
374-070341 229.116325600 -15.317142000 -22.5 3.6 15.062
374-070342 229.130978300 -15.308125900 -9.6 -6.7 15.204
374-070343 229.137512400 -15.330988700 -13.8 -9.2 15.461
374-070344 229.138155600 -15.249353400 -7.7 -6.3 99.999
374-070345 229.145992100 -15.209201700 -16.3 -25.8 12.664
374-070346 229.151053300 -15.288057500 -41.5 -8.8 99.999
374-070347 229.152438000 -15.234730900 -31.2 4.6 14.212
374-070348 229.153617100 -15.371554500 -14.7 3.9 16.452
374-070349 229.158499500 -15.286244800 -61.1 -8.1 14.873
374-070350 229.158768900 -15.227423100 -9.7 5.3 15.453
374-070351 229.172662400 -15.319576700 -6.3 -14.9 15.205
374-070352 229.173137700 -15.363318100 -13.5 -2.9 14.914
374-070353 229.177623300 -15.267998400 2.5 -4.5 16.942
374-070354 229.186855300 -15.213703900 -18.1 -31.4 15.447
374-070355 229.192818600 -15.317617500 -4.2 2.4 16.351
374-070356 229.200692100 -15.247292500 -26.0 -10.9 99.999
374-070357 229.201047700 -15.284102800 3.9 -10.1 99.999
374-070358 229.201856800 -15.243974200 -5.2 -2.7 99.999
374-070359 229.204847100 -15.254889200 -12.4 4.9 16.844
374-070360 229.217141500 -15.241802000 -14.4 -19.7 16.088
374-070361 229.227140600 -15.235022000 -14.4 -16.4 15.738
374-070362 229.253731500 -15.285899800 999999.9 999999.9 99.999
374-070363 229.258537100 -15.371053700 -1.1 -5.3 15.996
374-070364 229.273622400 -15.268217000 -4.2 2.8 16.129
374-070365 229.277271500 -15.212916700 -12.1 -12.2 99.999
374-070366 229.282077400 -15.306898700 0.0 0.0 99.999
374-070367 229.284865600 -15.210644800 -14.3 3.9 16.905
374-070368 229.294424800 -15.289524800 -0.3 -1.8 99.999
374-070369 229.299356500 -15.398963400 -10.0 0.3 16.864
374-070370 229.300945900 -15.231281200 11.3 -0.1 16.326
374-070371 229.308921800 -15.305190300 -1.5 -5.4 15.178
374-070372 229.309835900 -15.322543400 -8.5 -21.1 16.675
374-070373 229.312664200 -15.219478400 -107.8 -13.7 99.999
374-070374 229.314377400 -15.236974800 -16.1 -3.3 16.986
374-070375 229.316581200 -15.295441700 -6.4 -5.6 15.718
374-070376 229.317477100 -15.211144500 3.6 0.8 15.583
374-070377 229.318441800 -15.205466200 -8.0 -13.3 15.590
374-070378 229.322547400 -15.212862500 -33.3 -39.7 99.999
374-070379 229.325922400 -15.392827800 -10.5 -2.6 16.529
374-070380 229.328124500 -15.318437500 -22.1 -13.7 99.999
374-070381 229.332155600 -15.315493900 -15.1 -15.0 99.999
374-070382 229.343227100 -15.236328700 -9.3 8.0 15.487
374-070383 229.353598300 -15.257805000 -17.8 -2.0 16.189
374-070384 229.356309200 -15.228248400 -9.4 -4.0 99.999
374-070385 229.357657400 -15.265150000 -9.2 -7.9 16.132
374-070386 229.361167400 -15.219077500 999999.9 999999.9 99.999
374-070387 229.368426500 -15.200705600 -2.4 -7.6 99.999
374-070388 229.370448600 -15.251873900 -11.0 -26.1 14.335
374-070389 229.377104800 -15.379648400 -2.6 2.9 16.490
374-070390 229.387796500 -15.355166700 4.1 -16.7 13.892
374-070391 229.387895900 -15.309558700 -3.1 -18.3 17.034
374-070392 229.388073000 -15.247493700 -0.8 -2.9 99.999
374-070393 229.392450600 -15.284246200 -7.1 1.1 16.053
374-070394 229.394750000 -15.219008100 -9.3 -2.7 99.999
374-070395 229.397183300 -15.385499800 -8.3 -5.1 16.219
374-070396 229.431105900 -15.271827000 21.1 -5.0 10.670
374-070397 229.435506800 -15.392274200 -1.5 -5.5 15.917
374-070398 229.440904800 -15.216042300 -10.2 8.7 16.379
374-070399 229.444946800 -15.267076400 -12.3 6.3 16.770
374-070400 229.451548600 -15.307909200 -22.2 10.3 15.135
374-070401 229.455884200 -15.311047500 12.3 -6.4 99.999
374-070402 229.458031800 -15.288271200 -6.3 -18.1 15.503
374-070403 229.461553000 -15.275254200 -10.8 -22.0 15.949
374-070404 229.464743600 -15.325726200 4.9 3.4 99.999
374-070405 229.464755600 -15.373670600 3.4 -23.1 15.377
374-070406 229.469552400 -15.236798900 -10.0 -9.3 13.499
374-070407 229.470203600 -15.267476700 -10.9 -0.4 16.724
374-070408 229.473377100 -15.254039800 -7.4 -11.3 15.682
374-070409 229.478148300 -15.265499800 -8.1 -19.8 17.115
374-070410 229.480531800 -15.241178100 0.9 -4.0 17.105
374-070411 229.480626800 -15.371933100 210.7 -217.0 99.999
374-070412 229.483842100 -15.299862800 -7.4 -23.8 14.874
374-070413 229.488745600 -15.340136200 -3.6 -0.3 16.509
374-070414 229.489719500 -15.287102500 -9.2 -8.6 99.999
374-070415 229.491996800 -15.348743900 -27.9 -11.4 13.545
374-070416 229.497818900 -15.358731200 -10.3 -8.0 16.342
374-070417 229.502187400 -15.299688400 1.0 -5.8 99.999
374-070418 229.503852400 -15.238692300 7.0 -25.2 14.794
374-070419 229.506720600 -15.290204800 -9.5 -9.2 16.139
374-070420 229.511900600 -15.259723400 -36.2 -15.3 99.999
374-070421 229.515824800 -15.235406700 -3.0 -9.1 16.322
374-070422 229.515923900 -15.337508100 15.0 -14.2 15.616
374-070423 229.517141800 -15.218026400 -8.1 -6.2 14.725
374-070424 229.522682400 -15.234591700 -5.2 -2.0 99.999
374-070425 229.523721500 -15.239683700 -2.9 -9.7 99.999
374-070426 229.525107400 -15.263275300 -4.0 -1.1 16.378
374-070427 229.526428900 -15.212360300 -0.4 -25.5 16.834
374-070428 229.526902700 -15.202304200 -3.1 1.3 99.999
374-070429 229.528704500 -15.236848700 -17.7 -7.0 99.999
374-070430 229.530900900 -15.287415900 -12.8 -9.8 17.034
374-070431 229.533048000 -15.378023700 -62.0 31.7 15.371
374-070432 229.533250000 -15.333258400 -11.5 -1.5 15.782
374-070433 229.533647400 -15.255563900 -15.0 0.3 99.999
374-070434 229.534197400 -15.391294800 2.8 -4.0 99.999
374-070435 229.538070900 -15.388809200 -5.3 0.0 99.999
374-070436 229.538892100 -15.218279500 -7.5 3.8 99.999
374-070437 229.539943600 -15.251699800 -7.6 -7.8 16.242
374-070438 229.540136800 -15.373640600 -16.0 2.0 99.999
374-070439 229.540897400 -15.209041400 -14.0 -5.1 16.398
374-070440 229.541304500 -15.388604200 -11.7 -4.2 99.999
374-070441 229.541833000 -15.244850900 -11.1 4.4 16.137
374-070442 229.543473000 -15.229520900 -15.6 0.3 99.999
374-070443 229.544883300 -15.254165900 -4.5 -8.8 99.999
374-070444 229.548898900 -15.257115000 -9.1 -5.1 15.473
374-070445 229.554383300 -15.366028100 -21.3 -7.5 99.999
374-070446 229.555203300 -15.378583400 -10.6 -11.1 15.937
374-070447 229.559759800 -15.355802800 -41.3 -36.7 17.976
374-070448 229.560992100 -15.298585000 -9.1 -8.4 16.269
374-070449 229.567278900 -15.306403400 -8.9 -9.6 16.809
374-070450 229.570827400 -15.339973400 -10.6 -5.7 99.999
374-070451 229.576005300 -15.343338900 13.0 -4.7 12.430
374-070452 229.577056800 -15.248793700 -8.8 -11.5 16.418
374-070453 229.577655900 -15.355030300 4.8 1.2 99.999
374-070454 229.578012400 -15.236094200 -105.3 -106.0 16.560
374-070455 229.583735600 -15.396757000 -0.7 -10.0 99.999
374-070456 229.584826500 -15.318093700 -0.4 -10.2 99.999
374-070457 229.586880000 -15.320940600 -6.5 -3.7 99.999
374-070458 229.590147100 -15.263840300 -6.6 -9.3 99.999
374-070459 229.594805600 -15.356110900 -16.4 -2.8 13.562
374-070460 229.597500300 -15.360572500 -9.9 -8.5 99.999
374-070461 229.603906800 -15.367357000 -8.8 -2.5 15.505
374-070462 229.608476200 -15.347275900 2.6 -10.1 16.299
374-070463 229.608540600 -15.249401200 4.2 -16.7 14.614
374-070464 229.616785300 -15.321341700 6.1 -0.9 16.597
374-070465 229.618929500 -15.295352000 -43.1 -40.2 14.911
374-070466 229.623819800 -15.393357800 3.5 -10.2 13.353
374-070467 229.624550300 -15.383382000 -0.8 13.3 99.999
374-070468 229.626095900 -15.287763100 -6.4 2.1 14.360
374-070469 229.628375600 -15.388009500 -14.0 -18.7 15.253
374-070470 229.628639800 -15.274567000 1.0 -1.5 16.451
374-070471 229.633557700 -15.383177000 -25.7 -5.4 99.999
374-070472 229.641262400 -15.323508400 -9.2 -3.2 16.586
374-070473 229.641410900 -15.278674800 -12.2 3.1 99.999
374-070474 229.643094800 -15.215998900 -20.1 -3.3 99.999
374-070475 229.652728900 -15.281727000 -20.5 -10.6 99.999
374-070476 229.656482400 -15.280732800 -16.1 -1.3 99.999
374-070477 229.660713000 -15.250013400 -7.5 -7.3 13.675
374-070478 229.663791200 -15.264120900 0.6 -12.1 99.999
374-070479 229.669463000 -15.342473100 -28.4 4.0 14.377
374-070480 229.672078300 -15.377397300 -2.2 -2.7 16.843
374-070481 229.677442100 -15.371510300 -4.0 -4.4 16.416
374-070482 229.678438000 -15.263454500 -16.3 -4.7 17.104
374-070483 229.681888300 -15.367134800 -14.2 -17.4 16.463
374-070484 229.684654500 -15.361275900 -9.9 -15.8 16.805
374-070485 229.691663600 -15.328330000 -4.0 -2.3 16.596
374-070486 229.694600000 -15.227280000 -9.0 0.7 16.099
374-070487 229.700459500 -15.273023400 -1.8 -10.3 16.598
374-070488 229.706862700 -15.336475600 -23.5 -21.9 12.121
374-070489 229.706895600 -15.361845300 -13.8 -4.9 16.157
374-070490 229.711895900 -15.306199800 -18.1 -11.0 15.909
374-070491 229.716489500 -15.389303400 -2.8 -1.4 12.867
374-070492 229.718483600 -15.386184200 12.0 -5.8 99.999
374-070493 229.719503300 -15.345086400 -2.1 -4.1 15.809
374-070494 229.720445300 -15.396366400 -14.8 -7.6 15.005
375-071321 228.844302700 -15.184854500 5.0 224.2 99.999
375-071327 228.888134200 -15.188525600 0.3 -3.6 16.854
375-071337 228.932582100 -15.188331700 -56.0 -50.1 15.222
375-071386 229.111978900 -15.190437300 -12.8 0.7 15.988
375-071394 229.142543600 -15.185777300 -6.7 -1.5 13.874
375-071400 229.154363000 -15.188523100 -10.5 1.1 16.305
375-071401 229.156475300 -15.187787800 -0.7 7.0 99.999
375-071420 229.239347700 -15.199944500 -1.1 -15.0 99.999
375-071422 229.244763000 -15.188077800 -17.2 -3.1 99.999
375-071428 229.272329500 -15.190392800 22.3 4.7 15.963
375-071431 229.274840600 -15.191567300 24.4 2.9 99.999
375-071459 229.435736500 -15.199202800 -11.7 -13.9 15.160
375-071472 229.493200600 -15.189833100 -19.6 1.1 16.139
375-071491 229.559383600 -15.198018400 -7.4 -3.5 16.815
375-071496 229.572475900 -15.194600000 -0.7 1.8 16.346
375-071508 229.604436800 -15.187237300 -19.4 -7.6 17.630
375-071511 229.608830900 -15.193712500 -6.3 1.5 16.051
375-071515 229.635213300 -15.192990600 -14.2 -2.2 16.367
375-071534 229.721307400 -15.189987300 -0.9 -6.1 15.562