6259368617160496256 229.612489542 -16.113183939 -16.0 -2.5 14.719
6259368720239724160 229.631311278 -16.098602677 -8.7 -30.2 16.228
6259368788959185792 229.595144075 -16.114375783 -32.2 -5.8 16.178
6259368892038423040 229.597398601 -16.088822544 5.7 5.6 16.339
6259368926397233536 229.612811423 -16.089867093 3.7 3.0 11.179
6259368926398164224 229.618945321 -16.089931042 12.2 -9.9 15.306
6259369235634879104 229.558149678 -16.098006836 -4.4 -9.1 13.956
6259369716672154112 229.569175902 -16.074879291 -1.4 -17.6 14.978
6259369819750430592 229.577571488 -16.057768249 -1.5 -1.1 14.555
6259369854111123072 229.590440935 -16.054228063 -2.6 6.2 16.205
6259369922829645824 229.553780601 -16.059444676 -29.0 6.8 14.537
6259403664092515712 228.865173208 -16.109050891 -8.4 -14.6 15.571
6259403904610685824 228.915955206 -16.102473342 3.6 -29.2 15.216
6259404076409380352 228.892542914 -16.090562734 -27.0 4.2 15.674
6259404110769118464 228.917133357 -16.092322051 -6.0 -2.6 15.343
6259404488726242048 228.846046911 -16.085515289 -12.0 2.3 15.749
6259404557445715456 228.814571438 -16.101326627 8.2 -60.2 20.209
6259404763604151424 228.817939912 -16.075612669 -4.9 -9.4 15.261
6259404763603930752 228.819899951 -16.073257358 -9.6 -7.1 14.397
6259404866683365632 228.857635961 -16.078187645 -3.8 4.8 16.270
6259404901043104256 228.865369173 -16.077254802 -55.0 -21.5 15.184
6259404901043104128 228.867377048 -16.078684485 -28.9 -56.3 14.946
6259404832323407616 228.873991491 -16.087017720 9.9 -12.0 14.466
6259404832323626880 228.885997727 -16.080485886 -6.2 3.8 15.659
6259404969762583296 228.899493678 -16.066518967 -5.2 -6.5 16.184
6259405313361279104 228.873638867 -16.035401752 1.9 -2.6 13.659
6259405244640267392 228.874525464 -16.037131835 3.3 -1.0 11.243
6259412460186649600 229.216957969 -16.113948652 -6.6 -2.6 15.721
6259412460185746432 229.221118473 -16.106237227 -6.6 -0.2 13.190
6259412700704829440 229.271134963 -16.103482177 -2.4 -13.9 15.081
6259412838142868352 229.231840305 -16.103997848 -2.1 -4.8 13.865
6259412906863265280 229.257378512 -16.095736886 2.9 0.1 16.523
6259413250460646016 229.190040499 -16.098312347 -38.2 -44.6 19.356
6259413284820387840 229.193229498 -16.094868219 -11.4 -19.4 15.681
6259413387899600256 229.142680519 -16.097510217 -2.0 -14.2 15.793
6259413422259342592 229.157314965 -16.093826551 -4.5 7.0 16.002
6259413559698314496 229.177683215 -16.067900859 14.9 -6.3 16.189
6259413456619078016 229.178217540 -16.096688128 -4.7 -12.8 14.820
6259413834575279232 229.239488656 -16.046151235 0.4 -4.7 13.368
6259413937655444736 229.190463565 -16.057479468 -12.3 -6.4 14.786
6259414006373971456 229.223092603 -16.056707446 -7.1 0.4 13.003
6259414040733709312 229.227754339 -16.043844700 -2.6 0.0 12.817
6259414659209002112 229.394001763 -16.113465993 -3.1 3.0 14.208
6259414796648867200 229.436938382 -16.107966900 -11.4 0.0 16.145
6259414934087831936 229.465296231 -16.092908749 -1.2 -1.1 15.687
6259415037167041408 229.407537834 -16.100550582 -6.1 1.6 16.031
6259415208965751296 229.433025388 -16.076148641 -2.9 -2.5 15.983
6259415140246273664 229.448070690 -16.077543705 -20.5 -19.1 16.532
6259415380764418432 229.375577968 -16.107823142 -43.9 -31.1 15.839
6259415483843646080 229.379495498 -16.091981993 -10.0 -4.4 15.941
6259415586922858880 229.318017406 -16.095760114 3.6 3.6 15.898
6259415586921937664 229.321401455 -16.103776424 -5.3 -2.4 13.833
6259415518203364224 229.335502229 -16.114995063 15.7 7.6 16.633
6259415793080367616 229.391259644 -16.093811454 -0.4 3.3 13.417
6259415793081292288 229.392389167 -16.091100327 -10.2 -0.2 16.429
6259415999239740160 229.408759053 -16.068731407 -10.3 -8.2 15.928
6259416136677750400 229.366519929 -16.057661073 -6.2 -3.5 13.513
6259416067959209344 229.368806581 -16.077830024 21.0 -42.7 15.978
6259416102318963712 229.383653705 -16.056701190 -9.2 -8.8 14.576
6259416274117663488 229.375768514 -16.042942396 -14.7 -7.3 15.810
6259416033599493632 229.412901914 -16.046646874 -15.5 -3.5 14.522
6259416377196856064 229.489471263 -16.076620453 -16.6 -13.7 14.752
6259416377195919616 229.492458523 -16.086592525 9.4 -2.4 13.193
6259416583355306112 229.507221189 -16.049924240 10.6 -0.3 15.192
6259416652074772480 229.477343816 -16.065635444 7.2 -13.6 14.823
6259416823872517376 229.479213955 -16.045917421 -19.5 2.8 12.559
6259416755153040768 229.482523947 -16.047482949 -19.6 2.6 11.624
6259416789513742464 229.495551362 -16.039014184 -8.1 1.6 15.913
6259416961311470464 229.522366220 -16.040985959 -2.7 -13.0 13.933
6259417270550090880 229.505643020 -16.022602841 -16.2 -0.3 14.433
6259417304909830400 229.525562439 -16.020258942 -6.8 1.9 15.935
6259417407989059200 229.516512043 -15.994752798 22.2 -6.6 16.427
6259417511068242560 229.425591456 -16.048954959 1.1 -4.1 15.682
6259417545427022592 229.442082204 -16.031612126 -15.6 -9.8 13.978
6259417648507214720 229.452605600 -16.018378796 0.0 -11.7 16.213
6259417820305907840 229.420499989 -16.015793596 -5.8 -20.8 14.336
6259417854665646464 229.429658940 -16.015242404 -13.3 -9.7 14.448
6259418266982515072 229.461623281 -16.001549877 1.3 -13.3 14.477
6259418301341265792 229.473950792 -15.980497165 -14.6 4.8 15.205
6259418301342384256 229.474889746 -15.981569917 8.3 -5.4 15.350
6259418576220109568 229.320269051 -16.078449088 -4.6 -9.5 15.507
6259418954176296704 229.301451760 -16.057812042 -1.0 3.4 14.067
6259419091616199296 229.352957946 -16.059531045 -18.7 0.4 16.171
6259419332134396544 229.364997754 -16.014154933 -6.1 -20.5 16.129
6259419332134400640 229.370617541 -16.007200155 -13.1 -9.2 16.497
6259419229054202496 229.371594508 -16.029611499 10.0 -13.3 13.012
6259419503932109056 229.349686155 -16.009962203 -7.5 -6.0 14.399
6259419744451241856 229.260732655 -16.037468138 6.8 -2.5 15.129
6259419851824516736 229.274078859 -16.030081773 -2.4 -17.4 16.483
6259419778810983680 229.292101063 -16.031146813 -2.4 -27.5 15.850
6259420019329166080 229.235439104 -16.009439093 9.4 -14.2 17.182
6259420229781638528 229.314941937 -16.010826777 -1.9 -11.1 16.357
6259420328566821248 229.323802653 -15.992292450 -14.7 -5.6 15.900
6259420328566818176 229.332737986 -15.998049267 -13.8 5.5 16.282
6259420362925568000 229.346432167 -15.982669364 -10.4 4.8 11.991
6259420672164301440 229.303134061 -15.967786607 -11.1 -9.8 16.507
6259420672164217088 229.303716216 -15.968914171 -27.4 31.1 15.121
6259420740883668480 229.391233479 -16.016675753 -3.0 -7.8 14.611
6259420878321643648 229.419837111 -15.997831081 -2.8 -3.6 13.926
6259421050121332096 229.389922457 -15.982216765 -3.2 -5.0 16.006
6259421290639506560 229.441244333 -15.971305888 -15.0 1.6 14.453
6259421462438206976 229.469395304 -15.948638297 -36.1 -10.5 15.431
6259421668595625216 229.411574140 -15.936278453 11.9 -32.1 12.129
6259421565516410240 229.422586581 -15.954259157 -20.5 -14.8 14.215
6259421771675861760 229.431182400 -15.922169124 5.1 -1.7 15.659
6259421737316125568 229.450652454 -15.918997560 7.6 -14.7 15.180
6259421874754055680 229.370045012 -15.963915309 13.2 -31.9 10.747
6259422493229345664 229.389332043 -15.917046965 -33.8 -2.0 12.512
6259422493230369408 229.400511754 -15.918913764 -5.4 -5.0 14.936
6259422424509869184 229.412420655 -15.925953101 0.4 1.5 13.424
6259422699388802816 229.384541192 -15.908757173 -1.5 15.2 16.539
6259422836826729088 229.411843794 -15.884482399 -4.4 -1.5 12.232
6259423455301878400 229.051706992 -16.109618564 -17.1 -12.3 14.942
6259423837554307840 229.051726132 -16.098271354 12.2 8.4 16.507
6259423798899263744 229.076329473 -16.104126709 -1.6 10.2 16.677
6259423901978481024 229.087630046 -16.095182240 -25.4 -0.3 15.000
6259424142496370688 229.003078417 -16.112334195 -15.5 -4.4 11.936
6259424211215847296 229.023461034 -16.100822085 -14.7 -7.3 10.974
6259424348655076480 228.991086445 -16.106364514 13.7 -4.5 16.830
6259424623532990464 229.045351138 -16.081503667 -4.0 -4.2 14.851
6259424623532991360 229.049722573 -16.077579893 -7.4 -9.7 16.316
6259424623532989312 229.049857848 -16.084085310 -1.8 -2.3 15.114
6259424760971950464 229.069294167 -16.059556844 -11.6 -5.5 15.646
6259424967130091008 229.019823871 -16.061048710 -15.8 -4.5 12.747
6259425379448322304 229.148537635 -16.054594382 24.2 -9.4 16.587
6259425310728838784 229.165040336 -16.064639391 -7.5 -3.6 16.418
6259425894843445760 229.179900903 -16.022320627 -1.4 -43.9 13.244
6259426066641718272 229.152900413 -16.007380263 -10.7 -10.2 12.979
6259426307159887104 229.066837930 -16.042833411 -12.6 -14.9 12.614
6259426238440703104 229.084374785 -16.051537159 0.6 6.9 15.984
6259426341519921792 229.090548375 -16.036896772 -3.7 11.2 16.797
6259426478958883200 229.100520083 -16.012728266 -7.3 -10.2 15.769
6259426478958883712 229.103953089 -16.011817379 -0.8 0.9 15.162
6259426547678354560 229.082138370 -16.028027941 1.9 10.7 16.091
6259426650757574144 229.077918399 -16.014869261 -15.7 -15.3 15.245
6259426650757573632 229.095546372 -16.016301906 -0.2 -11.9 15.066
6259426685117317504 229.094857207 -15.999672181 -10.0 -2.1 15.967
6259426822556266752 229.141224305 -16.013345791 -9.2 8.2 16.271
6259426929930640384 229.158529030 -15.993512800 3.1 -10.5 14.538
6259427136089078400 229.100055202 -15.979787365 -27.0 3.3 16.611
6259427097434183296 229.117838765 -15.983835531 1.2 4.3 16.175
6259427750268898688 228.955085635 -16.047566135 -7.6 -6.2 13.324
6259427887708144384 229.003026416 -16.050980528 13.5 -24.4 16.734
6259428128226325760 229.019828695 -16.009525153 6.4 -17.5 15.258
6259428403104239104 229.001353817 -15.988711087 13.1 15.1 17.111
6259428643622326144 228.929223535 -16.025784782 22.8 6.0 16.455
6259428849780757248 228.907232106 -16.017651596 8.5 -13.9 16.185
6259429193377909632 228.972894926 -15.982593074 3.8 -23.1 14.500
6259429227737964544 228.979961583 -15.974146487 -11.1 -13.6 16.333
6259429502615554816 228.949455059 -15.958754693 -3.9 -2.2 13.203
6259429571335337856 229.046688419 -16.005696427 2.3 16.3 17.207
6259429777493776512 229.068387695 -15.980752773 11.5 -10.3 16.381
6259429880572990848 229.001724385 -15.983331527 -6.6 -13.7 16.865
6259429949292469120 229.040749015 -15.978896261 -5.0 -3.5 16.143
6259430430328819840 229.060965769 -15.943342270 0.5 -17.1 14.255
6259430395969079424 229.069737062 -15.948012487 -1.0 0.1 14.821
6259430602127523072 229.085331948 -15.913136092 -6.2 4.6 15.958
6259430705206716416 228.992124264 -15.967493200 -29.1 7.5 16.292
6259430842645681280 229.009568190 -15.941248300 -7.3 0.0 15.873
6259430877005421312 229.012978641 -15.937139580 -19.9 -20.1 16.618
6259431014444042880 228.979937614 -15.941292398 0.1 -9.8 11.017
6259430945724897792 228.984917415 -15.939529707 -18.8 -6.1 15.716
6259431117523594240 228.994020427 -15.924703563 15.7 -14.3 16.584
6259431053099299968 228.994322902 -15.931350153 -2.9 -9.5 16.539
6259431048803781120 229.003729914 -15.938314189 -20.9 -8.2 13.687
6259431186243065984 229.036167011 -15.939380742 0.8 -16.1 15.251
6259431289321949440 229.045936363 -15.915329899 -3.9 -1.5 11.652
6259431426760902656 229.067456916 -15.902247165 -9.3 -3.5 13.255
6259431667279422080 229.027543869 -15.888418300 -15.6 0.0 16.232
6259431701639162880 229.043038620 -15.881839988 -1.3 4.6 15.071
6259431701638808960 229.044994699 -15.875064240 3.6 -10.8 12.304
6259431632919683840 229.045786635 -15.888670172 -4.1 -1.3 15.090
6259431804719427968 229.200753974 -16.005931433 -7.4 3.5 15.696
6259431804718444928 229.209116991 -16.011831860 -11.6 -22.2 14.082
6259431942157397632 229.230318675 -15.976928427 -23.4 -15.3 13.549
6259431976518137472 229.243645532 -15.973152686 -6.3 6.9 15.771
6259432148315827968 229.221556014 -15.978499920 -2.8 -7.7 11.239
6259432320115526912 229.276498759 -15.959000490 -3.2 -3.7 15.812
6259432491914223616 229.283607343 -15.946059170 11.2 -4.3 15.118
6259432629353179136 229.232399764 -15.939745687 -11.8 -13.4 17.172
6259432560633697664 229.238686322 -15.953225765 -10.7 -3.5 15.037
6259432663712918016 229.241009080 -15.938750753 -8.8 2.6 16.348
6259432702366686976 229.262290765 -15.938926272 1.2 -1.3 14.633
6259432835510495872 229.174644250 -15.967907767 -4.7 2.5 15.830
6259433041668935424 229.188254480 -15.944585185 -1.6 -1.4 14.593
6259433110388406784 229.155955961 -15.956053073 -1.0 6.2 15.827
6259433591424763264 229.227084940 -15.910805658 11.9 -2.7 15.420
6259433935023239936 229.310311263 -15.931051315 -1.0 -3.9 15.810
6259433969382977280 229.315589421 -15.933110760 1.6 0.3 15.400
6259434179835439616 229.334690984 -15.894426116 -4.5 -6.2 15.794
6259434209900129280 229.281293283 -15.919302139 -2.3 -1.8 13.219
6259434244260895104 229.294188453 -15.907203356 -7.6 -12.5 14.741
6259434416059591936 229.292227501 -15.884548507 -5.8 -7.6 15.203
6259434347340113280 229.307882439 -15.892263267 -22.8 -20.0 16.331
6259434553497512704 229.335283289 -15.893350607 -6.6 -10.6 15.165
6259434587858286720 229.350771880 -15.872009358 -24.0 -5.7 15.305
6259434587858284416 229.351613949 -15.882908139 6.9 -7.1 15.905
6259434828376454144 229.318613916 -15.876570369 10.3 7.8 16.276
6259434794015681024 229.339998869 -15.875620336 -2.4 -4.8 11.686
6259435000175152384 229.351608649 -15.837672502 -18.1 -14.6 15.846
6259435103253261568 229.253994246 -15.882566913 -7.6 -16.6 16.626
6259435240693314944 229.272163869 -15.875082950 -2.4 -3.4 14.591
6259435275053055360 229.282084192 -15.862929117 4.3 4.4 14.823
6259435343771075840 229.251155507 -15.867505380 1.5 7.7 13.548
6259435549929505664 229.264805057 -15.833540747 8.4 0.4 11.245
6259435618650441344 229.319841104 -15.850639471 2.2 -4.3 15.488
6259435790449135232 229.316301193 -15.834022513 -15.2 -0.1 14.565
6259436099685699200 229.300823282 -15.801683541 13.9 13.5 16.030
6259436340203832832 229.137084583 -15.909664449 -15.4 1.9 15.694
6259436271484012928 229.150139638 -15.918293436 1.0 -4.8 14.214
6259436477642786432 229.098851094 -15.908739340 -32.5 -9.3 16.264
6259436477642442880 229.103028566 -15.906007421 -24.2 8.9 14.258
6259436649441134336 229.131088871 -15.884191657 5.6 4.1 12.993
6259436580722009600 229.137443363 -15.886116858 -1.0 -1.2 15.654
6259436683801221120 229.170563058 -15.897197479 -6.1 -2.1 15.394
6259436786880445056 229.176721900 -15.872691020 0.0 0.6 14.938
6259436718160962432 229.182869152 -15.889265873 1.1 -4.3 16.352
6259436958678779392 229.157805938 -15.875752495 -9.2 -8.3 13.808
6259436993038517376 229.164738706 -15.862378789 -15.2 3.1 13.271
6259437233556686720 229.087917715 -15.892857690 -8.6 -12.0 12.835
6259437370995995264 229.106288281 -15.878605187 -2.3 -1.4 15.563
6259437370995639936 229.112086809 -15.882776887 -56.2 4.6 11.654
6259437577154427904 229.056604543 -15.869297401 4.7 -7.6 16.178
6259437508434946560 229.067440833 -15.882915238 -12.1 -10.1 14.976
6259437783312862208 229.133019751 -15.855099273 -22.0 -7.3 16.556
6259438126910256256 229.094774469 -15.825257927 0.5 -9.2 16.410
6259438436147896960 229.225770227 -15.837889860 -6.3 3.3 15.946
6259438573586856192 229.251290674 -15.820405767 2.7 -8.0 16.263
6259438676665697280 229.180765190 -15.833643290 -3.7 4.6 14.408
6259438642306328832 229.207155726 -15.832594893 -12.8 -3.7 16.737
6259438745385173632 229.220349993 -15.818789272 -4.4 -2.8 14.090
6259438951543603712 229.255685138 -15.810153303 1.0 -12.1 12.842
6259438985903341952 229.262328140 -15.802391139 -71.6 -25.2 13.072
6259439088982939776 229.266152243 -15.793096464 -34.4 -64.2 18.965
6259439192062156544 229.250754685 -15.790200530 -2.3 -10.1 15.935
6259439776177708416 229.139803574 -15.789504210 -6.0 3.7 15.486
6259439741817585920 229.159701411 -15.795222367 -46.4 -47.3 13.561
6259439879256927872 229.177178278 -15.771788582 -6.7 -5.9 16.041
6259440085415360640 229.219846917 -15.759078180 5.9 5.4 16.442
6259440016695492736 229.236407568 -15.771736277 -38.0 -3.6 12.344
6259440257214051200 229.189845941 -15.765469877 -11.3 -5.1 15.771
6259440360293270144 229.193024789 -15.741269620 -11.7 -7.7 14.641
6259744066021234176 229.639817669 -16.081303500 -14.4 -11.8 15.364
6259744066021232384 229.648020417 -16.084971744 -1.3 5.6 16.952
6259744134740717056 229.681539116 -16.066053190 -10.5 -9.5 15.330
6259744169100457088 229.684008191 -16.062402946 -10.7 -5.5 15.468
6259744169100454784 229.688347508 -16.067256239 -4.2 3.4 16.004
6259744478338109568 229.643718172 -16.044786249 -0.2 -4.8 15.663
6259744925014722816 229.670877648 -16.013902444 -12.4 -12.1 15.803
6259744925014620672 229.682548300 -16.010679722 -4.3 -18.8 13.351
6259745169826963712 229.595178486 -16.042448033 -89.8 -12.1 16.450
6259745165532873600 229.602920117 -16.051600393 -1.3 -8.8 14.814
6259745234252266112 229.630562121 -16.038342895 5.1 -0.7 13.646
6259745268612103936 229.643941308 -16.021738913 13.5 -26.6 14.516
6259745474770538496 229.595040910 -16.007953291 -3.5 -16.3 14.869
6259745577849755264 229.604127890 -16.004702436 -7.9 6.4 16.414
6259745715288708864 229.650682261 -16.004690576 -7.4 6.1 16.389
6259745646569229184 229.651561344 -16.011871244 -0.4 -4.8 15.154
6259745749648453504 229.659268229 -15.989490900 -0.5 -8.8 16.530
6259746127605588864 229.649439672 -15.958819040 -0.2 -13.8 15.190
6259747364556168320 229.681783180 -15.965099931 -17.6 -7.8 15.578
6259792375813406976 229.568010490 -16.019987648 -12.1 4.8 15.634
6259792581971736704 229.590406686 -15.986742608 -0.1 -5.3 14.339
6259792616331592704 229.593887451 -15.979382715 -20.5 -6.1 15.085
6259792616331594624 229.596370564 -15.974303653 -1.7 -0.4 14.976
6259792547612110464 229.606120904 -15.990559168 -10.0 -10.2 15.046
6259792891209510272 229.567532751 -15.954304959 -8.3 -4.2 14.937
6259792925569120000 229.611536524 -15.969223337 -37.4 -12.3 13.003
6259792925569120128 229.621238966 -15.978296991 -5.3 -6.7 11.484
6259793166087425152 229.641919328 -15.941194137 0.2 -6.2 16.832
6259793097367942912 229.643797095 -15.950392303 1.4 -3.0 15.264
6259793097367946368 229.644558445 -15.943965526 -0.4 -1.7 15.655
6259793440965343104 229.610044938 -15.915196767 -10.5 -0.5 15.866
6259793440965342720 229.620387804 -15.915966937 5.9 -10.2 15.748
6259793681483496064 229.533750139 -15.947414058 -21.8 -7.1 16.789
6259793715843238144 229.548367359 -15.942114954 3.3 -1.9 15.402
6259793784562579072 229.518570424 -15.948910393 -9.2 -0.7 13.480
6259793887641932416 229.519547967 -15.937049267 -2.4 -0.5 15.944
6259793956361414272 229.522512483 -15.924129189 5.6 3.8 16.087
6259793990721154048 229.529546002 -15.920802035 -5.0 -2.5 16.262
6259794093800365056 229.560199277 -15.929534595 -12.4 -5.2 15.598
6259794334318544384 229.566381886 -15.907101203 -0.1 -21.5 16.510
6259794506117244672 229.559343169 -15.887997852 -8.9 -4.9 15.015
6259794609196443904 229.672719837 -15.923509316 -11.2 -11.3 16.048
6259794712275659520 229.677754593 -15.923000921 2.8 -4.6 16.804
6259794780995143808 229.678987877 -15.907736055 7.0 -1.9 16.056
6259795055873059072 229.642330802 -15.887430821 5.0 -24.6 16.463
6259795021513321472 229.667591644 -15.883869960 -0.4 -7.9 15.974
6259795777427567232 229.613862297 -15.880115607 -9.4 -6.8 14.414
6259795811787307520 229.630099709 -15.876926940 -2.1 -1.8 15.118
6259796017945572608 229.581575055 -15.873784880 0.4 -23.9 12.260
6259796189744443648 229.613989849 -15.849078322 -17.0 -16.7 14.542
6259796189744943360 229.615238729 -15.848585219 22.3 4.3 17.130
6259796189744446464 229.617482758 -15.843094372 -0.3 -22.2 15.838
6259796121024965248 229.628768790 -15.852221822 -0.8 -7.7 15.268
6259796121024965376 229.631116686 -15.853130577 -0.1 6.1 16.574
6259796430262620544 229.671924930 -15.832410061 -6.2 -4.9 16.257
6259796464621632384 229.685045846 -15.817496660 -17.6 -7.9 15.988
6259796533341838336 229.639202402 -15.827867463 -12.1 -10.1 16.032
6259796498981909504 229.640112805 -15.833646687 2.2 -4.4 13.952
6259796533341836416 229.654944595 -15.830875441 -9.4 -3.3 15.192
6259796739500280960 229.660219019 -15.805732588 -1.3 9.8 15.959
6259796670780798464 229.665761607 -15.817458900 -2.1 -16.4 15.561
6259797632853443328 229.513163747 -15.870505194 -4.7 -3.7 15.833
6259797839011705984 229.532895600 -15.836455254 -9.4 4.1 14.165
6259798045170303616 229.472542218 -15.870321793 -14.3 5.3 16.536
6259798148249516160 229.412013960 -15.875152247 -17.6 7.9 16.856
6259798148249513472 229.417951543 -15.880806927 6.8 -6.2 16.196
6259798251328740480 229.420562669 -15.857514766 -4.6 -0.5 16.016
6259798182609259392 229.427797525 -15.865249143 -2.0 -12.4 14.681
6259798388767701760 229.432771666 -15.841461781 -1.7 0.9 15.910
6259798285688474880 229.440805360 -15.863739313 2.6 -3.1 16.368
6259798629285688192 229.501561415 -15.828986787 -3.5 -8.9 14.447
6259798732365094144 229.475448587 -15.826824227 5.7 1.3 14.926
6259798732365091712 229.475567306 -15.830192680 -3.6 -9.7 15.835
6259798732365090816 229.477496423 -15.832627510 -13.6 -6.1 14.906
6259798904163797760 229.473089627 -15.804356891 -8.5 -16.5 16.373
6259798869804054144 229.494358612 -15.815299169 -4.9 14.3 16.298
6259798869804056576 229.494428914 -15.810277835 0.1 -2.5 15.858
6259799148976920192 229.596011959 -15.833318093 26.4 -39.7 20.707
6259799144681950592 229.606880199 -15.834814033 -16.4 -15.8 16.739
6259799385200129792 229.565669937 -15.815941134 -16.4 -10.8 14.440
6259799556998823296 229.625285019 -15.812214474 -4.2 1.7 15.963
6259799866236479872 229.589675638 -15.790470633 -5.5 3.5 15.176
6259799969315700608 229.622613109 -15.779260021 -5.7 -2.4 15.828
6259799969315700480 229.624699486 -15.780918888 -3.7 -5.9 15.072
6259800072394893440 229.519291473 -15.821271000 6.3 -3.0 16.084
6259800106754640512 229.534187377 -15.804894110 -1.6 4.4 16.052
6259800484711774720 229.523917200 -15.780905092 0.0 -24.5 16.287
6259800519071297408 229.544229211 -15.770527753 -18.0 -1.9 14.343
6259800656510471040 229.575813985 -15.769253380 -13.1 -2.1 15.500
6259800656510251008 229.583804154 -15.771247936 16.3 -13.8 12.136
6259800793949431168 229.604452589 -15.755896534 26.3 11.6 16.699
6259800897028645376 229.549408815 -15.757495176 -2.8 -20.2 14.665
6259800931388384256 229.564151357 -15.756154793 2.6 6.1 15.858
6259802649374590464 229.679732800 -15.778012587 -299.0 -181.4 13.331
6259805673031209344 229.650901392 -15.763193113 -8.0 -9.1 14.998
6259805604311732736 229.665213647 -15.766399852 -4.0 -4.9 12.255
6259805776110818304 229.667567828 -15.751700754 -3.4 -3.4 14.629
6259805810470574848 229.674688986 -15.741095080 -23.2 -44.1 15.226
6259805810470576896 229.684587632 -15.739404100 -14.9 -1.5 15.848
6259806050988748928 229.643471888 -15.737293516 -17.2 -1.6 17.028
6259806085348507392 229.651055135 -15.725635560 -4.8 1.8 15.036
6259806909982258432 229.635507430 -15.706431467 -0.5 -13.2 15.888
6259806909982259840 229.644406564 -15.705243934 -8.1 -4.7 16.431
6259807219219898624 229.662815005 -15.708772200 -17.9 -8.2 16.114
6259807391018645120 229.681344942 -15.674127490 -10.4 -10.3 16.353
6259807631536828160 229.662507001 -15.665191684 -7.9 -8.1 16.041
6259807734616070272 229.665803878 -15.645304068 -3.8 1.0 15.721
6259809349523814656 229.681095321 -15.617669411 8.0 -18.6 16.333
6259810071078746112 229.392107183 -15.843577168 13.7 -16.4 16.408
6259809967999518336 229.394443099 -15.866968875 -5.8 -8.1 14.762
6259810071078749312 229.397920420 -15.837573737 -15.1 5.0 15.705
6259810174157971456 229.408134338 -15.825561102 1.0 6.0 14.770
6259810311596733184 229.365008208 -15.829054250 -7.2 3.4 13.111
6259810345956471424 229.371819535 -15.825204652 -1.2 -1.9 13.937
6259810277237183872 229.379154080 -15.828641303 -4.5 -12.1 14.553
6259810483395625088 229.396643799 -15.808563960 -6.5 -2.7 16.165
6259810586474639872 229.431173043 -15.808841767 -8.4 -7.3 13.292
6259810620834378112 229.443450896 -15.805769912 0.7 -18.2 11.718
6259810723913593088 229.444924379 -15.796360288 1.3 -6.7 12.903
6259810655194322688 229.459013399 -15.799097870 -11.6 5.5 15.521
6259811308029355392 229.372172005 -15.790306407 -7.9 -18.8 16.409
6259811239309875456 229.379742009 -15.796463247 -18.7 -10.1 16.744
6259811514187575424 229.352522207 -15.773213300 16.1 0.0 14.041
6259811514187793280 229.363517205 -15.773329495 -8.7 -4.5 16.204
6259811823425447936 229.397097038 -15.751084138 1.0 -1.8 15.760
6259811754705969024 229.411520529 -15.757095373 -20.0 3.2 16.516
6259812510620212224 229.451890438 -15.759307213 1.0 -8.4 15.251
6259812476260249344 229.467152896 -15.757433801 -10.9 -9.8 15.033
6259812476260475264 229.470506565 -15.756717589 1.2 -5.2 15.571
6259812476260249088 229.474262277 -15.752780472 -3.8 -1.3 12.588
6259812579339464064 229.476894083 -15.744076657 -2.3 -4.2 11.074
6259813094735782656 229.501732907 -15.707957736 -43.0 12.4 15.853
6259813197815000576 229.517212315 -15.699079262 -5.6 -4.9 16.298
6259814194247166976 229.460962340 -15.665876573 3.2 7.0 13.652
6259814125527942144 229.469737497 -15.676915778 -8.0 -3.6 15.766
6259814297326639104 229.475147035 -15.657310297 -15.7 -4.5 15.062
6259814262966898560 229.492590993 -15.664371356 -2.9 -5.6 16.760
6259814434765298560 229.303750565 -15.771409410 -11.9 -27.3 16.347
6259814537844551296 229.347249241 -15.754133006 0.3 4.5 13.542
6259814847082157824 229.291699196 -15.735808220 -10.2 0.6 13.319
6259814847082162816 229.301946363 -15.731692364 -19.8 -9.5 16.026
6259814812722425216 229.316185882 -15.730038802 3.5 -5.3 15.528
6259814915801638016 229.347080019 -15.743623453 -7.8 -21.4 16.758
6259815053240862976 229.369505574 -15.728047760 10.0 0.3 15.671
6259815053240863488 229.377279980 -15.726561713 7.8 -10.6 16.469
6259815328118504576 229.348582262 -15.709163390 -9.7 -6.7 15.379
6259815499917186688 229.273175010 -15.727106219 -10.1 -0.9 14.242
6259815706075616768 229.282130934 -15.710362125 12.6 -10.0 14.205
6259815774795102464 229.241779317 -15.713594342 -0.6 -5.6 14.822
6259815774795102208 229.247964889 -15.714760779 -0.8 -3.6 15.671
6259815946593797376 229.242738500 -15.693691259 2.9 -1.2 14.714
6259816084032751616 229.299455611 -15.690635113 -5.7 -3.1 16.186
6259816255831430528 229.324722104 -15.663124983 -0.7 -4.4 12.968
6259816393270403200 229.276529859 -15.666897503 -9.0 6.0 15.401
6259816530709361024 229.314378765 -15.644144440 1.2 -0.3 14.792
6259817011745674496 229.401022145 -15.657617616 -3.3 -6.9 14.309
6259817011745971328 229.412363601 -15.653328325 -8.0 -1.7 15.693
6259817183544661504 229.423608852 -15.659231634 -10.5 2.0 14.865
6259817252264142208 229.468710601 -15.644540796 20.4 2.3 14.421
6259817458422297856 229.401251231 -15.634696524 -19.4 -11.5 15.528
6259817733300201600 229.344538777 -15.657652147 15.0 15.4 16.594
6259817939458633472 229.319034783 -15.646353027 -5.9 8.8 16.057
6259818076897563776 229.359281459 -15.625995167 -30.1 -15.6 13.442
6259818283056021120 229.391126138 -15.618529938 -14.2 -7.8 15.412
6259818214336544000 229.398685919 -15.622992460 -29.6 -12.5 14.899
6259818420494947200 229.410244777 -15.597882845 -11.8 5.7 11.288
6259818111257302016 229.367267437 -15.612341330 -36.8 -12.3 11.697
6259818798452108544 229.585448502 -15.699908905 -5.0 -4.5 11.025
6259819004610224000 229.587099111 -15.667395631 0.8 -4.7 16.138
6259819142049746688 229.539472655 -15.665289947 -25.6 21.4 16.284
6259819038970276992 229.546901665 -15.691777609 -1.7 -15.1 13.377
6259819245128963840 229.558570075 -15.658988967 -26.9 -15.5 14.262
6259819348207077504 229.622036306 -15.654821944 -4.3 -33.4 13.664
6259819657445291904 229.586021782 -15.639012436 -9.4 -13.6 16.715
6259819726164198784 229.613279458 -15.622301716 -79.3 -34.3 9.791
6259819760524544896 229.621382862 -15.621455091 9.0 -2.9 16.962
6259820069762690816 229.532561432 -15.632612793 -33.3 -8.1 17.035
6259820104121911552 229.548180594 -15.624466117 -21.8 -16.7 15.114
6259820035402411904 229.553716961 -15.640216362 4.0 2.5 16.837
6259820241561383680 229.501852502 -15.625170349 -5.8 -4.9 15.136
6259820138482164992 229.507893073 -15.645254418 -6.0 -3.9 15.299
6259820413359553664 229.566782633 -15.626853684 -4.8 -6.6 15.460
6259820413359553792 229.569514627 -15.626446299 -4.8 -3.7 16.562
6259820516438792704 229.575154792 -15.610771567 -1.5 -26.0 15.607
6259820653877768704 229.593864690 -15.595802749 -10.1 -7.8 15.991
6259820791316734208 229.544600691 -15.587753553 5.0 -1.9 15.558
6259821341072544000 229.635948905 -15.591132509 -3.6 2.2 15.016
6259821272353060608 229.648198215 -15.595252791 -4.2 2.3 15.715
6259821890827714816 229.670964028 -15.547837719 3.1 -3.9 13.112
6259822234425791488 229.648022752 -15.561180741 -7.6 2.7 15.084
6259822371864747776 229.611078886 -15.558921182 -0.1 -13.2 16.253
6259822887261282688 229.629595309 -15.532908980 4.4 -0.6 14.958
6259823093419705472 229.644791257 -15.499328568 -11.2 -10.3 14.025
6259823127779504384 229.660419972 -15.493976726 -12.7 -0.2 16.412
6259823196498884608 229.492430277 -15.614487792 -11.7 3.8 15.932
6259823368297578240 229.492930993 -15.596759825 -8.7 5.8 16.041
6259823368297578112 229.501731273 -15.597827563 3.4 -16.9 15.918
6259823505736531200 229.450677471 -15.602867611 -16.2 13.5 15.202
6259823437017054208 229.453232756 -15.605713300 -6.1 -10.5 16.039
6259823437017053952 229.456982242 -15.606856406 -12.0 -2.3 15.417
6259823471376793856 229.469679097 -15.591811891 -2.2 -3.7 14.267
6259823677535225984 229.476337146 -15.567998233 -14.9 -1.0 15.286
6259823643175486592 229.477952898 -15.581845990 -19.6 -5.2 15.008
6259823608815479680 229.483970721 -15.579226700 -9.3 -8.3 14.149
6259823780613994752 229.516322457 -15.574481818 -21.0 13.2 17.081
6259823711894491904 229.520413774 -15.589614832 -4.5 -9.2 16.330
6259823711894500864 229.529453951 -15.584638227 -1.8 -13.7 14.782
6259823746254255744 229.530707135 -15.575435413 8.2 2.9 14.330
6259823883693237504 229.568586435 -15.557708234 8.1 15.3 16.483
6259824227291080320 229.523977689 -15.529034543 -0.8 -19.7 16.041
6259824124211422080 229.535168495 -15.547642881 -6.5 -0.6 15.847
6259824330369946368 229.432900998 -15.577132704 -13.1 12.8 13.941
6259824502168638080 229.450044648 -15.549400649 9.8 -4.9 13.990
6259824536528409728 229.407535833 -15.569215817 -6.3 -3.9 14.834
6259824570888148992 229.427478948 -15.559020273 -1.1 -25.4 15.603
6259825086284526208 229.459501416 -15.524930907 -3.5 -6.8 16.263
6259825223723858560 229.474041923 -15.509855907 -17.9 3.7 15.856
6259825326803072768 229.475135068 -15.488186100 -17.8 -3.8 13.884
6259825429880766592 229.557378972 -15.541797364 2.7 -5.0 12.842
6259825532961161216 229.603212991 -15.512447139 -3.7 -1.8 15.532
6259825636040345472 229.548400611 -15.530185366 -7.9 -61.5 11.303
6259825842198775168 229.555962005 -15.502934146 1.5 4.2 13.372
6259825807839081472 229.580582728 -15.505023249 9.7 -3.4 15.514
6259826185796222336 229.582686902 -15.490918420 1.5 -51.8 16.058
6259826254515709312 229.589809760 -15.482244030 -15.7 -22.3 15.687
6259826185796232448 229.591058287 -15.484134477 -17.0 -10.5 14.563
6259826323235200000 229.604237357 -15.471982748 -7.1 12.9 17.056
6259826563753339008 229.520405736 -15.494647985 -15.2 -6.0 16.048
6259826563753341824 229.531220815 -15.493184147 -14.5 0.4 14.415
6259826980363961216 229.523398106 -15.445657736 -22.2 2.8 13.988
6259826872991302400 229.528391848 -15.468698417 -17.7 -9.5 16.463
6259827182228570496 229.598901424 -15.437796330 -12.4 -5.6 14.315
6259827319667654912 229.564754660 -15.440492065 -8.4 -11.2 14.765
6259827422746877952 229.563487209 -15.433718993 -7.3 7.7 14.753
6259827422746876160 229.571530978 -15.435656439 -15.8 -0.3 15.459
6259846629840578176 229.673049142 -15.470613041 10.1 52.0 16.561
6259849756576816128 229.671155782 -15.435481143 -1.6 -8.7 15.264
6259849962735253760 229.652862955 -15.428424004 -2.6 -5.5 16.082
6259850065814486400 229.657234266 -15.413013479 2.0 -5.3 16.497
6259850443771610752 229.672002631 -15.410212066 -35.9 27.6 17.100
6259850856088477952 229.619218632 -15.402942361 -24.6 -3.6 15.890
6259850993527438464 229.583756097 -15.396756545 6.0 9.8 16.599
6259851062246735616 229.623826262 -15.393349043 9.3 -9.5 12.541
6259851096606668160 229.624521812 -15.383486948 -11.2 12.9 16.434
6259851096606473728 229.628388834 -15.388002526 -2.7 -2.5 14.782
6259851096606669568 229.633562833 -15.383170206 -18.3 -16.2 15.347
6259851337124843392 229.672108494 -15.377406260 -13.6 -7.5 15.954
6259851337124850688 229.677453559 -15.371506335 1.9 4.3 15.606
6259851337124854912 229.681895655 -15.367130476 -28.2 -8.4 15.926
6259851440204076416 229.684651172 -15.361268721 -5.4 -11.7 16.157
6259851646362287104 229.669473046 -15.342461885 -20.3 4.7 13.513
6307441327109957632 228.684351071 -16.108985284 -32.3 -26.6 15.115
6307441464548910848 228.741639653 -16.107423305 20.1 -8.1 16.559
6307441808146324352 228.748680716 -16.077321916 -0.6 -1.6 15.118
6307442083024203648 228.682519898 -16.106571427 -2.9 -10.7 16.041
6307442495340965632 228.704282190 -16.075302814 -20.0 -16.4 13.813
6307442495341083520 228.709715177 -16.085529100 9.2 -28.5 16.386
6307442667139792896 228.699543824 -16.069160023 1.6 -2.4 16.561
6307442598420312704 228.719654378 -16.071959420 -2.3 -6.1 15.769
6307442804578752128 228.651301672 -16.064962979 -0.2 0.9 15.310
6307442838938497408 228.668641990 -16.057272825 4.2 -18.7 15.138
6307442838938349056 228.675814625 -16.055251775 -10.5 -5.0 14.146
6307442873298233216 228.689229802 -16.060179120 2.9 17.1 17.063
6307442907657985536 228.704528786 -16.045199757 9.1 -12.2 15.431
6307443182535875840 228.807844610 -16.060410477 2.9 -1.3 15.730
6307443319974828416 228.761692401 -16.061586647 -7.2 6.4 16.109
6307443526133116160 228.778983178 -16.040920248 -20.8 -24.8 12.870
6307443423054047872 228.782935268 -16.057512075 -4.5 -5.0 15.634
6307443423054052352 228.783126770 -16.052453590 12.6 -10.3 15.534
6307443801011022208 228.846804908 -16.008453024 -2.8 -3.9 13.652
6307444007169451648 228.834048104 -16.000563668 -14.3 14.4 14.646
6307444007169452288 228.839119945 -16.006229118 -5.4 2.1 13.809
6307444763083695872 228.778469527 -16.001935216 -23.4 -20.2 12.834
6307445003601863680 228.752752962 -15.988905880 -10.3 7.6 15.240
6307444934882610560 228.753575929 -15.990938193 -7.0 0.8 16.431
6307445072321574016 228.776928674 -15.980544393 6.3 -3.7 15.614
6307445072321339648 228.783020396 -15.978783833 -9.4 -5.5 14.510
6307446000034479360 228.669380029 -16.007314442 -21.2 -1.8 15.025
6307447477503027712 228.678213008 -16.009224081 -2.8 -7.3 13.502
6307447408783740672 228.695403802 -16.017459488 -22.1 3.8 16.140
6307447443143492736 228.709258405 -16.004423533 -15.6 -3.2 16.032
6307447752381160832 228.666583637 -15.987707703 -7.6 8.9 15.934
6307447718021194240 228.673838974 -15.985503127 2.7 -0.2 12.597
6307448473935435008 228.739143784 -15.922221413 -3.0 -6.1 13.003
6307448508295421056 228.655157356 -15.976263913 -3.2 -0.1 15.135
6307449126770777088 228.672028163 -15.926293640 -8.2 4.2 15.352
6307449195490270080 228.710519944 -15.914916413 13.3 -10.6 15.850
6307449229850014848 228.731190705 -15.910485513 -7.9 10.4 16.137
6307449332929219584 228.678876774 -15.918224247 -7.4 7.9 15.954
6307461393197473920 228.668987815 -15.860986700 -23.7 0.0 15.533
6307461599355488384 228.660951365 -15.850058573 -21.9 -26.8 14.446
6307467371791540992 228.904575543 -15.988668559 -9.7 -28.7 13.905
6307467474870971520 228.841525901 -15.994258100 -7.2 -25.5 16.904
6307467577950207104 228.844151510 -15.977825347 -9.3 -2.6 14.789
6307467715389191808 228.861021844 -15.953963460 -10.5 -1.2 16.080
6307467955907365120 228.920194409 -15.949652313 -2.1 5.9 16.263
6307468093346044672 228.877042490 -15.946784600 -4.4 -7.5 14.183
6307468162065520768 228.903818933 -15.938296920 -21.4 -9.9 14.070
6307468643101858816 228.791456396 -15.953770253 -5.8 -1.9 13.602
6307468608742399744 228.813427629 -15.948420780 -7.0 2.4 15.194
6307468814900869376 228.822806519 -15.918866347 -7.8 0.4 14.534
6307468917979764224 228.865608287 -15.926822673 10.0 -17.8 13.372
6307468952339829376 228.868177199 -15.913633620 3.6 -14.4 15.865
6307470017492373248 228.988946775 -15.890207564 -9.6 -5.0 15.426
6307469983132636928 229.008804007 -15.884473580 -15.1 -2.1 16.733
6307470154931331456 229.006786779 -15.873567765 -17.5 -6.5 15.011
6307470189291072640 229.019572375 -15.859883087 -31.2 -25.4 16.210
6307470258010546816 228.997089792 -15.870324280 -31.8 -11.1 17.094
6307470429808249344 228.990254296 -15.855785520 -8.0 0.6 14.478
6307470361089763328 229.003077005 -15.865180139 -8.0 7.3 16.341
6307470601607316864 228.905162639 -15.882004000 -12.7 -9.0 15.528
6307470601607311744 228.914797421 -15.884247533 -4.9 -8.5 19.976
6307470739045895168 228.933589776 -15.863856027 -14.6 -3.2 11.215
6307470670326813440 228.941752911 -15.867211367 -9.3 -56.0 16.582
6307471185722492032 228.973279014 -15.835861451 3.0 -4.9 13.076
6307471185722492160 228.975700072 -15.839625486 -6.0 -1.4 13.552
6307471220083233920 228.987392703 -15.821298623 -6.5 -6.2 15.319
6307471666758833792 228.761230937 -15.928466953 8.2 -22.9 14.178
6307471598039653120 228.771761951 -15.938316767 8.3 -21.5 15.841
6307471769838389504 228.811797014 -15.905969260 -13.6 -7.2 16.029
6307471872917263360 228.754292601 -15.921902327 -3.6 -9.2 12.596
6307471907277346688 228.770998485 -15.904288360 -6.6 -8.7 15.496
6307472044715954432 228.793721885 -15.885942020 -50.6 -2.4 12.354
6307472044715954816 228.794172121 -15.893434533 -15.0 -7.0 14.518
6307472216515000832 228.813388456 -15.896723193 -13.3 -5.2 15.315
6307472216515015168 228.818485734 -15.886620493 -1.2 -8.2 16.072
6307472388313750912 228.835645051 -15.858333840 -1.8 2.7 15.660
6307472319594245248 228.857681160 -15.876354013 16.3 -25.6 15.194
6307472491392552064 228.794941164 -15.867911133 -1.7 2.0 14.859
6307472560112435456 228.826750273 -15.862495613 6.3 -0.1 15.552
6307472663191681792 228.827937607 -15.844735053 5.1 -4.9 16.548
6307472800630198272 228.738216525 -15.882784933 0.9 -5.5 10.991
6307473006788628224 228.725442708 -15.873434193 1.5 -6.7 14.722
6307473178587759872 228.721335802 -15.845749200 -7.2 1.5 15.017
6307473144227580672 228.745327107 -15.857983840 -25.2 -12.3 12.612
6307473453465690368 228.797898082 -15.830151120 -5.9 -2.4 15.670
6307473590904642944 228.754602956 -15.831256680 -19.8 -6.6 15.969
6307473659623654144 228.774707119 -15.822994267 -7.8 -5.0 9.546
6307473865782085376 228.847088770 -15.848323593 -13.2 8.3 14.301
6307473865782515968 228.856239515 -15.848610680 -3.5 -11.1 16.488
6307473900142270848 228.864032028 -15.840122713 10.3 -1.6 15.660
6307474209379947264 228.866204825 -15.821883727 0.9 -4.7 14.514
6307474415537896960 228.896577571 -15.808767507 -13.2 -8.3 13.935
6307474621696850432 228.889468810 -15.796153753 -22.3 -3.4 16.482
6307474793495017216 228.924046553 -15.773087407 -9.0 -3.8 15.288
6307474965294205184 228.814737032 -15.817570093 -4.1 -0.7 15.457
6307474896574713216 228.822374882 -15.823496120 -5.9 -3.9 14.878
6307474930934476032 228.843139917 -15.810369967 -0.6 -14.0 15.719
6307475205812424576 228.808651599 -15.784907227 -6.5 -6.2 15.359
6307475205812408960 228.814538022 -15.794417300 -25.1 -52.5 15.570
6307475480689784320 228.882378193 -15.770638440 -5.1 -9.3 13.186
6307475583769578240 228.892625004 -15.765916613 -4.3 -6.1 16.021
6307475927367024768 228.852455824 -15.731806000 -12.1 3.0 16.158
6307475927368028544 228.860415680 -15.737305967 -5.2 -9.5 15.220
6307475858650339328 228.861580929 -15.738698967 -3.4 -15.5 14.439
6307475961726791168 228.864299507 -15.716442367 -11.5 -5.0 15.001
6307476069100751616 229.034840208 -15.843513860 -8.6 -4.2 15.684
6307475996086856576 229.045808990 -15.860675908 -0.8 -9.1 15.197
6307476030446598400 229.063168692 -15.849233287 -7.3 0.1 15.671
6307476305324509440 229.030154570 -15.830315380 17.1 5.4 16.962
6307476305324510592 229.035378664 -15.826833657 -9.7 4.1 14.646
6307476545842680448 229.095061161 -15.822618379 -12.6 -2.1 16.421
6307476580202420480 229.099756011 -15.818127868 7.4 -2.8 16.131
6307476683281640960 229.104017659 -15.797350135 2.6 3.5 14.918
6307476717641380736 229.122415579 -15.791765600 -11.7 -42.0 16.694
6307476889440072960 229.047879508 -15.789624573 -7.9 -1.3 16.085
6307476923798796288 229.063550399 -15.775578958 -10.9 -2.7 10.113
6307476855080338048 229.076974619 -15.783792814 -23.1 -6.9 14.182
6307477026879035136 229.076404024 -15.767821740 11.0 5.7 16.241
6307476958159554048 229.086730421 -15.781785562 -21.0 1.8 16.285
6307476958158534528 229.089070478 -15.774082129 -23.4 -45.5 13.329
6307477061237748992 229.089597472 -15.761867844 -0.2 -2.6 13.581
6307477267397194496 229.032354460 -15.791877073 -14.0 7.7 15.925
6307477748433542912 229.039999960 -15.763396784 -6.1 -2.9 14.147
6307477645354321280 229.051210800 -15.781793304 0.0 -8.3 15.252
6307477851512763904 229.060114698 -15.749572611 -28.4 -13.7 15.757
6307477885871468928 229.069219535 -15.743985398 4.6 -3.0 14.373
6307477885872504960 229.070814889 -15.742493860 -0.8 -10.2 16.614
6307478160750424064 229.039270669 -15.719645100 0.5 -30.0 16.447
6307478195110136192 229.125538818 -15.780312573 -4.2 -8.8 16.371
6307478195110132992 229.134273199 -15.785830066 19.6 -17.1 15.484
6307478366908835072 229.165577823 -15.760050087 -2.0 -2.9 16.388
6307478538707531392 229.094680272 -15.749445177 -0.2 -17.9 15.470
6307478847945189376 229.167841892 -15.727016028 -20.4 -13.8 14.558
6307478813585445504 229.169488089 -15.735671013 -23.9 -28.6 15.989
6307478882303880832 229.189071378 -15.725902256 -3.8 -21.6 9.672
6307479191542587008 229.183210525 -15.699860280 13.9 -6.6 16.531
6307479363340218240 229.074009300 -15.733519201 -10.9 -6.8 13.518
6307479328981522944 229.094045785 -15.731772800 -2.3 3.8 15.420
6307479642513557120 229.051693071 -15.719611353 9.9 41.6 16.994
6307479706938657664 229.085243041 -15.708144412 -14.2 -1.6 14.691
6307479913097095424 229.122500678 -15.692046484 15.1 -2.9 14.660
6307480084895796992 229.150970536 -15.669281017 -4.1 -12.2 15.694
6307480634651572480 228.974411317 -15.745299799 -0.6 -4.5 16.173
6307480669010867584 228.938780454 -15.758708633 -12.6 -13.0 14.817
6307480703370614272 228.941302301 -15.754394647 -49.8 -22.1 15.186
6307480875169351424 228.941708314 -15.729348573 0.1 0.2 14.434
6307480806450267904 228.961379184 -15.739157953 -3.0 -9.4 16.074
6307480840810009600 228.971686831 -15.733297148 -12.8 4.9 15.593
6307481012608705152 228.989597120 -15.726710847 -7.8 -4.1 16.389
6307481081328182400 229.028689497 -15.725911440 -5.8 -4.8 16.354
6307481115687928960 229.035879890 -15.711772924 -21.1 -17.5 15.515
6307481321846364416 228.971144053 -15.700793833 27.1 0.5 16.844
6307481218767139584 228.974497062 -15.718661869 -13.3 7.0 15.419
6307481699803105920 228.925363119 -15.710944853 2.3 -4.9 14.780
6307481734162857344 228.937834257 -15.702218247 -9.7 -5.6 15.988
6307481802882312704 228.906632579 -15.716191047 4.9 -16.1 15.218
6307482009040798848 228.913216964 -15.685230687 -8.2 -2.9 16.266
6307482249558237312 228.965465252 -15.672168587 7.6 -16.4 14.098
6307482249558237568 228.969537377 -15.673046099 7.1 -16.6 10.167
6307482180839831424 228.973779421 -15.682702142 -4.2 2.7 14.805
6307482421357698944 228.926700191 -15.666385260 -10.9 10.8 16.017
6307482490077484288 228.967950854 -15.662546473 4.0 -2.8 15.720
6307482593156681856 229.037229626 -15.704453523 -7.2 5.2 16.242
6307482764955388800 229.076790925 -15.669984167 -35.2 4.0 16.442
6307483211631991936 229.075403492 -15.658945156 10.2 4.9 16.414
6307483142912511232 229.082292586 -15.669591078 -43.7 -2.1 14.943
6307483349070956416 229.099438575 -15.631974707 -3.8 2.2 15.265
6307483314711214208 229.123467154 -15.640629674 2.6 0.2 16.089
6307483486509907200 229.056299634 -15.637434527 5.3 -4.7 15.723
6307483692667248384 229.006048862 -15.663417104 -3.9 -5.3 12.849
6307484001905982976 228.978925432 -15.636558092 -15.0 -15.0 15.635
6307484173703582976 228.990519845 -15.609958605 -9.1 -2.3 13.086
6307484242423060480 229.038613421 -15.625055292 -7.1 -2.2 13.830
6307484723460503168 229.037132976 -15.579795271 -0.9 -8.1 15.864
6307484860898363648 228.680126698 -15.850369147 -2.9 0.4 13.966
6307484899553153280 228.689028360 -15.839480360 -14.0 13.8 10.708
6307484963978043776 228.721907827 -15.831358587 3.8 -16.4 15.984
6307484963978034688 228.727709807 -15.836161747 -15.1 -2.6 15.890
6307485067057255296 228.664520739 -15.834760967 1.0 1.0 16.154
6307485170136007168 228.676016425 -15.819868180 -25.8 -0.6 14.789
6307485204496229248 228.687970934 -15.822818553 -11.3 -1.9 15.640
6307485376294932608 228.749250765 -15.816430853 4.8 10.1 15.680
6307485822971602688 228.717280704 -15.773868327 -4.3 -6.2 15.521
6307485822971597568 228.725933680 -15.776311867 -5.2 -8.0 15.498
6307485926050758528 228.650653396 -15.811241267 -5.8 -3.5 16.490
6307486338367108736 228.650966552 -15.770598787 11.2 -7.4 13.874
6307486475806643456 228.696094626 -15.768841193 -19.3 3.8 16.596
6307486716324807680 228.669046346 -15.771099047 -14.1 -5.6 15.825
6307486716324824576 228.673806187 -15.761178080 -3.7 3.9 15.734
6307486819403444480 228.676899152 -15.740587827 -22.0 -10.7 12.177
6307486956843062912 228.681717219 -15.722981573 -14.3 15.2 16.120
6307487094281956608 228.778097365 -15.753887547 4.8 -25.1 15.890
6307487197361176192 228.794780208 -15.750346067 1.5 -2.0 16.027
6307487163001434240 228.818483651 -15.752516800 -11.9 -3.0 15.832
6307487403519618816 228.772502746 -15.743944480 -4.0 -2.1 15.111
6307487506598210560 228.781469572 -15.716279547 -13.2 -1.1 14.875
6307487437879379328 228.782166673 -15.732573133 6.3 -29.5 14.732
6307487747117061504 228.838395999 -15.710187487 10.1 -10.4 16.097
6307487781476814080 228.843013343 -15.701843173 -9.8 -7.3 16.359
6307487712757308416 228.858092698 -15.718802700 -2.9 -12.0 15.990
6307487815836512384 228.803640934 -15.726241080 -1.2 -2.1 14.973
6307487850195593984 228.813417788 -15.714060933 -3.7 3.5 15.469
6307488021994999296 228.802488684 -15.694367520 -9.5 -12.9 15.502
6307487987634547072 228.830375412 -15.698320113 -2.8 -3.1 14.320
6307488571750820736 228.717760508 -15.693976313 -5.0 -12.1 14.822
6307488537391061632 228.746305939 -15.701436787 1.0 -23.9 15.659
6307488812269015936 228.817617026 -15.677518593 -15.7 -3.7 15.061
6307488949707218944 228.763762351 -15.671176813 -8.3 -9.1 14.596
6307489774341579264 228.661437955 -15.739082593 17.0 3.8 16.117
6307489980500077184 228.664719526 -15.701009013 -15.7 -9.1 16.227
6307489980500071424 228.667374589 -15.703891933 -0.8 -10.0 15.818
6307490186658526464 228.661760209 -15.692143793 -8.6 -15.7 15.814
6307491457968832512 228.679177874 -15.697961720 -3.8 -6.9 15.782
6307491595407815680 228.702166360 -15.682740900 -3.9 1.5 15.938
6307491698487057536 228.685596058 -15.671242747 -0.3 -14.6 15.935
6307491904645527680 228.688501229 -15.648299987 3.1 -16.4 15.759
6307492042084481920 228.739933003 -15.646950400 5.8 -3.0 15.880
6307492385681053056 228.747524837 -15.613330880 -21.4 -6.6 13.915
6307492729278437504 228.666069714 -15.628233640 -25.9 -10.8 13.574
6307493141596189696 228.689426587 -15.600998807 9.3 -14.3 17.120
6307493279035165824 228.714368444 -15.587420760 -29.3 -1.2 15.682
6307493485193606272 228.697087131 -15.581686820 -7.0 9.6 16.050
6307493656991377920 228.860784152 -15.699870733 24.2 -26.5 13.804
6307493622631639040 228.887909311 -15.694132640 0.8 -9.3 14.432
6307493725710853888 228.889087468 -15.691621907 -2.4 -3.8 13.897
6307493760071350272 228.902383840 -15.671126847 -2.6 -1.1 15.589
6307493931870055680 228.834559883 -15.666101207 -18.9 -23.3 16.304
6307494103668777728 228.865424609 -15.649093387 -8.6 -4.4 14.789
6307494107963783680 228.865951309 -15.648427433 -8.6 -4.0 15.534
6307494241107742720 228.915775260 -15.641387413 -3.9 -24.1 15.690
6307494138028480768 228.916252394 -15.667544573 27.4 -28.3 14.372
6307494653423784832 228.910800461 -15.605589160 5.5 1.8 14.141
6307494756503796992 228.818310371 -15.654672980 -9.6 6.9 15.713
6307494790862740352 228.820113422 -15.640113840 -11.4 -7.8 13.829
6307494790862740480 228.829776054 -15.644010140 -28.5 -30.3 13.351
6307494928301693312 228.846625071 -15.630439180 -9.6 -2.1 11.582
6307494825223287296 228.849546089 -15.646192080 -20.3 -15.6 15.619
6307495340619433216 228.873915209 -15.603929373 -8.6 -11.8 15.805
6307495546777861504 228.856382423 -15.605972400 -8.5 -1.5 15.732
6307495615497356800 228.844668098 -15.596140253 -18.8 2.6 15.909
6307495959094943616 228.985404169 -15.603906060 -10.4 -16.3 16.331
6307496027814423808 228.977124685 -15.590901540 -22.5 23.7 16.665
6307496096533676928 228.943688916 -15.602898447 -10.0 -1.1 16.051
6307496130893437440 228.925178143 -15.591314680 -3.3 -8.1 15.393
6307496268332405888 228.947158632 -15.582006207 2.4 3.7 15.108
6307496199612010496 228.962613320 -15.590141987 -7.8 -10.4 11.551
6307496577570724224 229.024040254 -15.545530448 6.2 -9.4 15.048
6307496508850766848 229.034514584 -15.561863545 17.3 -26.7 15.166
6307496611929979648 228.975069788 -15.574131513 11.0 -26.2 16.940
6307496646288607488 228.987924278 -15.554976473 -11.0 -13.3 14.165
6307496989886936064 228.918634562 -15.565986933 -7.5 -8.5 15.684
6307497058605467776 228.944668514 -15.551403487 -6.4 -13.4 13.986
6307497264765088384 228.884597385 -15.545325800 -3.0 -6.0 15.509
6307497264767360768 228.895585435 -15.552709933 -20.7 11.0 16.429
6307497196045378048 228.903154878 -15.560822713 11.4 8.9 16.548
6307497333484572672 228.931365932 -15.538697833 2.4 -34.0 15.903
6307497505283262080 228.941263092 -15.540661180 -23.9 3.9 15.870
6307497642722618112 228.959563473 -15.517290013 -6.7 -10.6 16.156
6307497917600197760 228.946914152 -15.494419173 -8.3 6.2 16.606
6307498055038741120 228.767081632 -15.620072873 -4.1 -7.3 14.985
6307498055038751232 228.771169545 -15.614099047 -39.4 -16.1 15.859
6307498192477721216 228.788811365 -15.603569380 -8.2 -14.1 14.735
6307498226836573568 228.797968001 -15.581490993 -19.5 0.8 10.832
6307498226836574080 228.798185972 -15.588157540 12.8 -21.3 13.274
6307498364276455424 228.758123420 -15.580189993 11.7 -2.2 15.923
6307498604794611200 228.813086467 -15.586789520 -11.8 -0.9 16.148
6307498536074219776 228.826691808 -15.592017527 -5.0 -0.2 13.811
6307498707873862016 228.851402067 -15.563275433 17.1 -32.5 15.400
6307498707873874560 228.862438720 -15.555940707 -7.8 -15.8 16.405
6307499326348200320 228.755707483 -15.555160967 -5.9 5.5 13.395
6307499326349384448 228.757660207 -15.552351140 -7.9 -0.3 15.894
6307499463788336640 228.711593631 -15.550731700 -22.9 0.0 14.679
6307499601227339008 228.734425251 -15.522155467 -8.3 -24.5 15.986
6307499704306522624 228.768424438 -15.539989320 -8.4 21.6 16.682
6307499876105259392 228.798736444 -15.512988540 -9.8 2.7 15.374
6307499807385719552 228.803748370 -15.520464400 -6.0 -6.0 13.250
6307500013544216576 228.757201575 -15.511283820 -16.8 -15.9 14.417
6307499944824727168 228.762825282 -15.518520860 -2.3 1.8 15.529
6307499944824719872 228.770089189 -15.522801320 -10.2 0.6 16.625
6307500288422097024 228.870137387 -15.523864693 -6.6 -2.2 15.901
6307500528940264832 228.830097198 -15.525117493 -12.3 -8.2 15.827
6307500460220794880 228.849212436 -15.524247140 -11.3 -7.8 15.622
6307500597659701504 228.870257341 -15.505052769 -16.5 -8.1 12.439
6307500632019516416 228.886288446 -15.503170258 -9.2 2.6 16.026
6307500803818214016 228.898631972 -15.499606688 -27.4 -8.3 15.792
6307500838177955584 228.911172999 -15.497772464 -2.2 -2.0 15.544
6307501078696141568 228.876508057 -15.487542993 -6.9 -8.3 15.380
6307501113055775232 228.882066116 -15.471436758 6.0 -21.8 12.481
6307501044336418048 228.902836486 -15.476938504 -7.5 -5.4 15.003
6307501353574037376 228.808754057 -15.496178919 -6.9 -8.5 15.957
6307501525372635904 228.844416682 -15.472725488 -1.6 -8.3 9.961
6307501456653272064 228.864318549 -15.480951309 21.3 -5.5 16.690
6307501559732475648 228.794871690 -15.491300693 -10.3 -9.8 16.086
6307501868970160768 228.868578493 -15.462164281 -3.0 -18.2 15.971
6307501868970019072 228.871377623 -15.465119249 -5.0 -8.8 14.334
6307502350006564864 228.868535095 -15.411898387 0.7 -2.2 14.514
6307502281287067904 228.883106886 -15.425105815 -0.1 17.5 14.881
6307546399190978304 228.701433976 -15.532308080 -29.8 -12.6 16.260
6307546639709115264 228.668479214 -15.531804267 0.1 5.5 14.327
6307546880227282176 228.685637207 -15.487546322 20.5 -22.9 11.335
6307547021960427648 228.729533462 -15.490478050 -3.2 -36.0 12.781
6307547361263617920 228.746390529 -15.463758456 -2.0 3.4 13.951
6307548117177861248 228.693274221 -15.450798304 5.3 -25.2 13.913
6307548151537600000 228.705883637 -15.453564331 -10.8 -7.9 14.269
6307548185897506560 228.734394755 -15.443580747 0.4 -5.6 16.195
6307548529494720768 228.698038030 -15.412626272 -8.6 -3.6 12.410
6307548563854581760 228.777618303 -15.478549923 -8.2 0.6 16.121
6307548907452005248 228.747365546 -15.449088512 -1.9 -3.2 16.050
6307549182329749888 228.811842075 -15.419233545 7.2 -12.6 14.457
6307549113610454656 228.826813373 -15.432926231 9.4 -1.0 14.986
6307549594646609664 228.814970871 -15.378574627 -18.6 -26.9 13.061
6307549697726021248 228.750782717 -15.423362176 3.1 -21.4 15.768
6307549835164993536 228.771190113 -15.410712882 -1.4 -11.5 16.137
6307549972603958400 228.720929797 -15.402159980 -9.5 6.2 16.083
6307550419280601088 228.785594782 -15.367460086 -15.1 -9.2 16.333
6307550556719283072 228.745596574 -15.356951544 -14.9 -7.2 13.643
6307551523086166144 228.658253172 -15.411666654 34.5 -18.8 14.114
6307551759310127104 228.663649848 -15.388336741 -29.8 -8.7 12.120
6307553064980454784 228.689232855 -15.368736121 -13.8 -8.7 16.324
6307553442937603200 228.680245283 -15.346866816 6.4 -15.9 15.178
6307553442937597824 228.682553172 -15.351203412 -3.2 -9.4 15.724
6307553477297349760 228.688430585 -15.339109264 -6.1 -0.5 16.097
6307553374217829120 228.694551493 -15.356353442 2.9 3.5 14.828
6307553614736306688 228.734670074 -15.335459226 8.6 -0.2 15.870
6307553614736302976 228.736581515 -15.338455587 15.3 -10.4 16.594
6307553546016520448 228.745615952 -15.349283065 7.0 -18.8 11.380
6307553649095735040 228.757394144 -15.332829674 -6.3 0.2 12.552
6307554164492119552 228.655116099 -15.337409956 -2.2 6.4 16.195
6307554267571025408 228.655031207 -15.326645339 -17.6 -0.3 12.232
6307554301931088768 228.670449653 -15.318275786 2.6 -8.3 15.984
6307554714247968384 228.686331867 -15.293281531 7.9 -24.8 14.466
6307554748607698688 228.710209789 -15.304601003 -15.5 -12.2 15.142
6307554817327187840 228.700303329 -15.288385209 -2.0 -1.6 15.626
6307854468603973248 229.239956135 -15.672942099 -12.1 -1.5 15.623
6307854502963709312 229.203643736 -15.685845079 6.8 -0.6 11.375
6307854709122144128 229.203174038 -15.654200485 1.0 -14.2 14.781
6307854777841619968 229.260756291 -15.661454160 -4.4 12.3 16.648
6307854880920830976 229.262224858 -15.639052796 -19.2 3.8 11.349
6307855018359799680 229.281638065 -15.621671440 -1.7 -0.3 15.634
6307854915280569472 229.282072596 -15.639110111 0.7 5.2 11.245
6307854915280569600 229.286537470 -15.642644744 -2.4 -19.2 13.141
6307855052719530112 229.239222155 -15.648602210 -2.5 6.7 14.896
6307855155798752128 229.245186904 -15.624097505 -15.2 -2.3 14.912
6307855155798751232 229.247524363 -15.626988270 1.9 -11.8 15.287
6307855361957174400 229.182386304 -15.650614944 -3.6 -5.6 15.549
6307855705554564992 229.144985040 -15.627174075 -28.0 -9.6 15.393
6307856152231171456 229.195815468 -15.604514721 -20.5 -21.2 16.119
6307856289670130176 229.224907018 -15.590702032 -11.5 -17.6 14.363
6307856530188294784 229.308076218 -15.600875960 8.8 -13.2 15.748
6307856633267508480 229.319596026 -15.605194580 -2.7 0.9 16.295
6307857217383086464 229.368446666 -15.546514953 -14.3 6.5 16.299
6307857320462293760 229.321793504 -15.563336971 -6.5 -4.3 15.185
6307857389181777024 229.341248037 -15.549832307 -1.9 9.7 16.436
6307857389181777664 229.353414545 -15.547919393 -13.4 -3.7 16.312
6307857389181730944 229.354408859 -15.549924070 -0.3 -5.8 14.459
6307857595340161536 229.248598526 -15.582931179 -4.9 -0.6 14.010
6307857595340201216 229.254041690 -15.575774277 4.3 3.2 12.097
6307857595340161408 229.256540777 -15.577382012 6.4 3.7 8.596
6307857732779154560 229.272440226 -15.561797498 -22.3 -27.1 15.914
6307857801498631552 229.238695811 -15.575322446 -7.9 -13.9 15.140
6307857801498632704 229.241480459 -15.561041367 -6.8 2.5 16.825
6307857938937590656 229.253707991 -15.550358754 -12.4 1.1 16.037
6307858110736557952 229.313748540 -15.537894615 28.4 13.7 16.008
6307858316895003008 229.332070612 -15.513283618 -13.7 -3.9 14.753
6307858591772926080 229.305499382 -15.491736187 -18.2 -13.4 15.855
6307858694851807232 229.121654848 -15.613690373 -3.3 -5.1 15.962
6307858660492051328 229.137071524 -15.620150517 0.9 4.4 11.876
6307858660492068352 229.139269759 -15.620516393 -19.8 -18.7 15.022
6307858763571285888 229.149596346 -15.607049399 7.6 15.1 16.341
6307858832290766848 229.137670384 -15.596238093 29.5 -12.7 15.997
6307858832290766208 229.141826935 -15.597835563 -12.8 -6.5 15.436
6307858901010240000 229.107957038 -15.605547006 -17.1 -2.3 15.698
6307858901010238720 229.108995586 -15.609168718 2.1 -0.9 15.865
6307858969729719296 229.102189215 -15.597786593 -3.5 -20.2 16.840
6307859004089434880 229.116690969 -15.586507517 -6.8 -2.4 9.947
6307859278967380352 229.177631935 -15.562756380 8.2 -33.6 16.438
6307859210247898496 229.180135939 -15.574573113 6.8 -0.1 14.964
6307859553845292672 229.146466045 -15.553314489 -0.4 1.6 15.908
6307859656924783616 229.166512113 -15.537120366 3.0 -8.8 15.570
6307859760003678848 229.098762293 -15.583856921 -9.5 -6.2 12.423
6307860069241364864 229.056119540 -15.559259227 -31.5 -10.7 16.663
6307860206680342784 229.075933224 -15.539803820 0.9 -16.0 11.184
6307860344119546112 229.116142811 -15.544429860 -44.0 -50.7 17.903
6307860584637733760 229.122577054 -15.513745839 -3.3 2.0 16.435
6307860584637728384 229.128477248 -15.522185140 -7.6 -24.3 16.064
6307861065674072064 229.240122236 -15.512940932 -4.1 -9.3 16.200
6307861168753016704 229.177286826 -15.519866753 3.1 -0.4 14.515
6307861100033797376 229.192713753 -15.534220680 -5.4 0.9 16.180
6307861134393546112 229.206323369 -15.516505680 0.5 11.4 16.786
6307861477990661632 229.256806291 -15.494891217 1.4 -13.8 12.239
6307861821588045056 229.284162894 -15.462605505 0.7 -17.0 13.791
6307861546710434816 229.300372752 -15.481249857 6.3 3.4 16.422
6307861684149383040 229.250665204 -15.487522584 -0.7 -2.9 15.328
6307861821588356352 229.280380186 -15.459090614 -0.1 -13.1 15.536
6307861993387014656 229.153926949 -15.501598760 -30.0 -7.2 16.909
6307861993387021952 229.165478341 -15.494268733 -1.9 -3.3 16.272
6307862032041426176 229.173368014 -15.492723293 -15.8 2.3 19.745
6307861924667534720 229.175078395 -15.507727758 -1.5 -14.9 16.056
6307862233905201664 229.173623283 -15.481323423 30.2 9.8 15.896
6307862818020779008 229.178109318 -15.441656936 -0.6 -1.8 15.756
6307863264697336064 229.417177521 -15.502590741 -7.9 8.8 14.841
6307863195977847808 229.421092205 -15.518966155 -10.1 5.6 15.609
6307863402136280576 229.370436628 -15.514624953 16.1 -12.4 16.260
6307863780093800320 229.441224175 -15.479128189 10.0 -5.2 15.814
6307863780093800064 229.450909769 -15.481262407 -15.4 5.2 16.619
6307863711374321920 229.453981544 -15.488465594 -4.8 -23.5 14.021
6307863848812895488 229.417527750 -15.494304364 7.1 -3.6 16.435
6307864192410273792 229.347158226 -15.499933806 11.9 -12.2 15.956
6307864329849238144 229.357010177 -15.487108373 -4.5 7.7 16.484
6307864570367423744 229.364154937 -15.463261020 -1.2 5.2 15.719
6307864776525544192 229.398759034 -15.450091703 -19.6 -4.6 12.430
6307865085763521152 229.397112322 -15.431563850 4.6 -16.5 15.696
6307865188843084544 229.398975671 -15.413381740 -3.1 -0.3 16.708
6307865498080716928 229.460873517 -15.460696754 -10.9 3.4 13.914
6307865532440462720 229.472891891 -15.437209064 1.4 -5.8 15.248
6307865841678109696 229.520537354 -15.427409580 -1.1 22.8 16.781
6307865910397576832 229.541447553 -15.411664724 2.6 -6.3 13.342
6307866288354723456 229.533045499 -15.378025266 -59.7 31.6 14.213
6307866219635241600 229.534220927 -15.391267571 11.5 -2.9 16.125
6307866219635242368 229.538079847 -15.388800973 -5.6 -7.5 16.107
6307866391433925376 229.420415828 -15.421333082 -6.4 -9.0 15.623
6307866425793652608 229.443128291 -15.414801978 1.4 -4.4 14.437
6307866357074186240 229.444184509 -15.424904354 -5.8 7.2 15.497
6307866357074176000 229.450443687 -15.429198457 -36.2 -1.2 12.891
6307866494513128960 229.466054769 -15.403824031 -1.7 -7.1 12.757
6307866597592344320 229.424603682 -15.411932698 -11.9 -9.9 14.322
6307866735031316608 229.435510069 -15.392272396 -1.7 -7.6 15.042
6307867112988449408 229.497829662 -15.358726360 -2.5 -4.3 15.455
6307867147348183168 229.464759744 -15.373668109 4.0 -26.0 14.806
6307867387866362624 229.488757773 -15.340135298 14.7 -2.3 15.822
6307867319146849408 229.491997449 -15.348740026 -24.7 -10.9 12.919
6307867422225399168 229.307985040 -15.468205711 2.5 -10.0 13.774
6307867559664668672 229.324879721 -15.451015348 -3.5 -8.7 15.990
6307867594024090496 229.340407431 -15.451547844 3.9 -7.2 13.455
6307867731463366912 229.294627050 -15.441208549 -3.3 -5.7 15.610
6307867868902333568 229.309966941 -15.422772053 -1.9 3.4 15.058
6307867937621819264 229.312264219 -15.409518302 6.8 -16.9 16.344
6307867868902337152 229.315906529 -15.417006935 -2.7 -14.6 16.113
6307867971981211904 229.352420891 -15.430096691 -5.2 -4.5 14.123
6307868006340950144 229.362955471 -15.425931581 -3.9 -7.5 13.498
6307868349938689664 229.325924410 -15.392824316 -16.7 -9.2 15.516
6307868693536069632 229.299376181 -15.398957053 13.6 -10.9 16.225
6307869037133469440 229.258536971 -15.371058075 -6.1 -2.1 15.180
6307869655609079808 229.397188613 -15.385496076 -2.1 -12.7 15.500
6307869896127250304 229.377122307 -15.379647879 3.0 -2.9 16.130
6307870033566180608 229.387798262 -15.355164832 3.4 -15.5 13.353
6307870342803869568 229.464750078 -15.325711440 -13.9 -4.8 16.104
6307870617681732480 229.451549721 -15.307909829 -20.4 1.3 14.402
6307870617681784064 229.455890039 -15.311049032 16.4 -1.0 14.852
6307871098718116224 229.328118761 -15.318437362 -17.1 -17.9 14.806
6307871098718118400 229.332157087 -15.315494032 -25.9 -14.0 14.977
6307871339236290304 229.387906172 -15.309568385 -20.2 12.4 16.364
6307871682833688576 229.392451137 -15.284245300 -3.4 0.0 15.558
6307872026430340864 229.051342631 -15.515734341 -17.3 -32.9 10.751
6307872060790079104 229.059518371 -15.511502116 -11.9 -7.7 12.871
6307872060790350848 229.061511716 -15.514060650 -5.7 11.7 16.183
6307872163869294592 229.004420148 -15.524347221 -41.1 -14.5 11.680
6307872095149817984 229.016342692 -15.532961170 -30.6 4.0 14.686
6307872301308533120 229.032066384 -15.491748442 -3.8 -7.2 15.721
6307872335668276224 229.044337405 -15.486823090 -5.1 1.6 14.602
6307872438747479680 229.071971579 -15.499867540 -14.7 -0.3 16.289
6307872404387739776 229.093114418 -15.501771122 8.1 -16.7 16.103
6307872610546195200 229.100841883 -15.471281990 -18.5 -4.5 15.979
6307872610546190976 229.105985555 -15.477062069 -1.8 1.0 14.829
6307873022863044864 228.999910722 -15.484228234 -13.1 2.8 15.266
6307873125942264064 229.005458019 -15.479673380 -4.2 20.4 16.666
6307873263381219328 228.963925325 -15.476543623 -3.5 -4.0 15.388
6307873229021475200 228.986978227 -15.484079112 -8.6 -3.9 15.140
6307873435179613184 228.997009189 -15.453076583 -48.5 -22.7 12.399
6307873572618884224 229.039549060 -15.446880996 -20.7 -9.8 16.426
6307873813137056256 229.011073051 -15.440834354 8.5 -14.2 15.680
6307873744417569792 229.015033207 -15.456711424 3.0 -6.3 16.037
6307873778776996224 229.026000153 -15.439469216 -11.4 -7.0 13.637
6307874088014947328 229.115296009 -15.467469717 3.0 -8.5 15.096
6307874191094179712 229.162068220 -15.440177367 -2.8 -5.1 15.367
6307874191094174464 229.164048047 -15.448379647 -4.0 -5.6 16.390
6307874191094178176 229.164805917 -15.442565000 4.5 0.0 16.230
6307874362892871680 229.092378740 -15.439659357 -13.7 -1.2 15.442
6307874328533137920 229.120818458 -15.434335287 25.0 0.1 17.088
6307874534691581696 229.138312947 -15.413697668 -2.6 -7.4 15.296
6307874569051302912 229.173269737 -15.439727226 -10.0 -0.2 14.960
6307874672130535296 229.179864095 -15.413361845 11.8 -44.1 16.924
6307874603411052288 229.193418928 -15.422937007 -15.7 14.2 16.418
6307874775209756160 229.193635197 -15.405430405 5.9 -24.6 16.221
6307875290605832704 229.118806873 -15.403384003 -5.3 3.0 16.067
6307875806001926656 229.153615493 -15.371556662 -17.7 4.1 15.592
6307876321397636224 228.957320404 -15.456247369 -13.2 7.1 12.311
6307876355757374080 228.970429200 -15.449615154 0.0 -5.7 14.056
6307876458836918144 228.974554186 -15.430450338 -0.1 -8.7 16.283
6307876390117112320 228.980617091 -15.445146543 -3.0 5.0 14.274
6307876493196329600 228.925614798 -15.453182018 -11.8 -0.9 15.866
6307876493196329728 228.938489520 -15.451157220 29.0 -8.6 14.707
6307876699354760960 228.948208454 -15.428487700 6.9 3.0 15.788
6307876630635606016 228.959721864 -15.436934501 -7.0 -13.2 15.710
6307876664995018752 228.971759114 -15.420938778 -8.7 -18.1 13.417
6307876905513529600 229.025610526 -15.412547633 -10.1 -3.3 14.843
6307877077314460416 228.986211721 -15.404560360 -4.3 -7.4 16.065
6307877077311879040 228.997511140 -15.404787387 -4.1 -7.5 15.140
6307877146031355520 228.984305670 -15.392669459 -15.6 -8.8 14.656
6307877180391442176 229.000052792 -15.403067863 -67.4 16.4 17.025
6307877283470676864 228.996179069 -15.369357067 -7.5 -7.3 15.655
6307877283470671872 229.001946630 -15.379801747 -12.8 18.4 16.965
6307877523988484096 228.925820456 -15.406281449 7.9 3.5 16.411
6307877489628739328 228.950041702 -15.400544527 -11.8 -9.4 13.957
6307878245542982784 228.940841451 -15.355944765 4.8 1.8 14.262
6307878657860216064 229.062659140 -15.362382661 4.7 -9.6 15.890
6307878657860222592 229.067472638 -15.348734517 -1.2 3.7 15.076
6307878554780992512 229.072326071 -15.378026036 -6.1 -1.8 15.094
6307878932737750016 229.050534539 -15.338730510 -5.6 4.5 14.012
6307879035817350784 229.075982703 -15.338747959 -4.4 4.9 15.362
6307879173256308736 229.096907751 -15.328450833 -1.1 -8.7 14.924
6307879207616054016 229.116298215 -15.317149045 -8.7 2.7 14.125
6307879310695263744 229.053184046 -15.325827946 5.5 -5.7 15.870
6307879241975781376 229.061384362 -15.337397686 -2.5 9.3 14.241
6307879413774494848 229.097031135 -15.300331313 14.0 -12.1 16.355
6307879585573163008 228.985382799 -15.340582222 18.3 -10.8 14.887
6307879723012125824 229.010714706 -15.322663094 -8.1 -10.7 16.443
6307879723012124416 229.018882657 -15.325118295 -9.2 -3.8 15.798
6307879654292639104 229.025843886 -15.341584653 -0.1 -3.4 16.520
6307879997889639040 228.990189500 -15.312042482 2.2 -12.8 11.861
6307880032249785216 228.991845349 -15.300266458 -3.3 -15.6 14.937
6307880341487022464 229.018476012 -15.303878166 -16.8 -0.5 13.717
6307880444566657920 229.022925859 -15.276251275 10.8 9.4 16.637
6307880478925975296 229.033470953 -15.278122789 2.6 3.9 14.102
6307881715876558208 229.173137406 -15.363323414 -8.8 -2.4 13.890
6307881956395123328 229.192812422 -15.317624381 -5.7 4.7 15.802
6307882059474330496 229.137510389 -15.330994397 -10.4 -14.5 14.666
6307882128193813888 229.172659278 -15.319577804 -0.9 -13.0 14.520
6307882643589910656 229.201029441 -15.284116887 0.3 9.1 16.455
6307882918467806720 229.308913315 -15.305191731 -2.1 -7.1 14.547
6307882815388580096 229.309895452 -15.322557000 -20.6 -4.5 16.440
6307883021547343872 229.316579193 -15.295446608 -6.6 -14.4 14.948
6307883124626244864 229.294435026 -15.289597530 -16.1 25.1 16.257
6307883468223962240 229.353599730 -15.257806899 -13.0 -3.8 15.228
6307883399504481280 229.357656728 -15.265151064 -2.0 -8.1 15.458
6307883502583619968 229.370449294 -15.251872506 -7.4 -27.5 13.524
6307883536943444992 229.388069752 -15.247493915 -1.8 -8.4 15.933
6307883846181095552 229.343229769 -15.236334594 -1.7 3.1 14.906
6307883816115595520 229.356313000 -15.228245127 11.6 -22.0 16.366
6307883949259977600 229.273621382 -15.268218547 8.7 -5.7 15.581
6307884533375866624 229.300947009 -15.231286649 8.9 -1.9 15.393
6307884464656385152 229.314409657 -15.236983153 -18.4 -0.4 16.310
6307884670814834688 229.317476839 -15.211151674 4.7 0.2 14.564
6307884670814838528 229.318439934 -15.205470105 -2.7 -11.5 14.919
6307884670814833024 229.322499617 -15.212886747 -31.0 -8.6 16.624
6307884808253786112 229.277277669 -15.212927773 -14.7 -4.3 16.256
6307884773894049536 229.284880698 -15.210659303 -8.9 -7.7 16.296
6307885014411844480 229.130978613 -15.308128129 -8.0 -4.8 14.479
6307885220570285568 229.151046611 -15.288064102 -50.9 -20.7 15.861
6307885186210131840 229.158501130 -15.286248532 -61.1 -10.2 13.613
6307885598527418624 229.177632428 -15.268009648 -10.9 2.7 16.239
6307885735966382592 229.200684760 -15.247304060 -31.2 -11.9 15.896
6307885804685861376 229.201851079 -15.244008235 -8.3 2.8 16.723
6307885735966378880 229.204840150 -15.254897181 -6.9 2.4 16.212
6307885942124374528 229.152440239 -15.234738115 -27.0 6.0 13.445
6307886045204039296 229.158766995 -15.227430312 0.7 8.3 14.666
6307886217002713984 229.080927679 -15.258211928 -4.6 9.0 16.487
6307886354441678336 229.115682840 -15.237829471 0.3 -6.7 15.903
6307886629319591680 229.088460636 -15.227137915 4.7 -13.9 14.782
6307886526240372736 229.088720470 -15.233662573 3.4 -2.8 16.334
6307886629319596288 229.090054214 -15.217815040 0.1 -2.6 16.201
6307886869837309696 229.145993059 -15.209207537 -12.1 -27.8 11.706
6307886938557241344 229.105151882 -15.218300927 -2.3 -9.2 16.442
6307887149010261376 229.111974166 -15.190447304 -12.0 -4.6 15.226
6307887110355477504 229.142543941 -15.185784020 0.3 -5.5 12.914
6307887213435136000 229.217143552 -15.241808828 -10.7 -16.3 15.487
6307887247794878208 229.227139387 -15.235028355 -10.4 -17.2 14.768
6307887453953648896 229.239352346 -15.199969846 -24.1 -13.4 16.174
6307887561327102976 229.186852253 -15.213714148 -12.2 0.4 15.180
6307887831910779904 229.244766447 -15.188082560 -22.1 -13.2 16.021
6307887797551039744 229.272326759 -15.190396229 23.2 1.3 15.108
6307887797551039872 229.274843327 -15.191591219 25.8 -0.9 15.939
6307887969349606528 229.273203778 -15.172721571 -6.8 -3.6 13.755
6307888003709344640 229.280992418 -15.165575165 -16.8 -24.9 13.932
6307888072428821888 229.245763160 -15.175470247 -18.0 2.7 14.176
6307888175508184448 229.258020327 -15.160712769 -10.0 2.5 16.159
6307888690903926528 229.150120559 -15.165818028 -0.3 -8.6 15.414
6307888587824700544 229.154372634 -15.188516856 -11.6 -5.8 16.291
6307888587824700416 229.156458578 -15.187809592 -4.6 -9.9 16.106
6307888725263180288 229.172616404 -15.163867670 -4.4 -1.3 13.318
6307888828342893952 229.172726857 -15.135611960 9.1 -14.7 16.606
6307889068861398400 229.227796887 -15.139915345 -4.5 -11.0 15.738
6307889171940448768 229.205777852 -15.127586465 2.6 -11.2 13.612
6307889343739326336 229.204866450 -15.115799913 -7.6 -7.6 16.457
6307889652976788864 229.594811635 -15.356103192 -10.8 -3.0 12.954
6307889652976818304 229.597511284 -15.360559370 -11.2 -1.3 15.073
6307889584257247744 229.603899769 -15.367346229 -1.7 -4.8 14.566
6307889687336552704 229.540161701 -15.373639323 -14.3 -3.3 15.929
6307889721696293504 229.554408724 -15.366020504 4.7 10.9 17.024
6307889687336551296 229.555206760 -15.378575747 -7.6 -14.0 15.284
6307889824775511680 229.559773040 -15.355801667 -25.3 -66.9 15.989
6307889927854732288 229.570843428 -15.339968545 -5.7 -10.3 15.399
6307889859135218688 229.576010728 -15.343335184 17.9 -3.7 11.930
6307889824775511808 229.577653937 -15.355010511 12.8 -6.2 15.834
6307890030933944320 229.608482092 -15.347270171 5.1 -14.3 15.645
6307890134013063808 229.641275305 -15.323502375 2.3 -12.3 15.932
6307890340171603712 229.584832469 -15.318087715 7.9 -16.2 15.063
6307890340171602176 229.586890243 -15.320933900 1.8 -2.3 15.480
6307890374531340416 229.616804763 -15.321343618 6.5 2.2 15.850
6307890477610572160 229.618934415 -15.295348873 -39.7 -40.3 13.494
6307890580689762688 229.515934517 -15.337507658 20.2 -22.8 15.217
6307890615049503104 229.533255502 -15.333253507 -4.4 3.0 15.120
6307891164805336192 229.561000936 -15.298582158 1.0 -3.5 15.699
6307891130445592448 229.567298824 -15.306416834 -19.4 5.2 16.037
6307891405323510912 229.530930805 -15.287416647 -12.5 -8.0 16.359
6307891955079258752 229.626101074 -15.287759138 -2.4 2.0 13.535
6307891989439066880 229.641424179 -15.278687877 -20.5 3.3 16.367
6307892023798803584 229.652734828 -15.281724242 -13.8 -7.2 15.334
6307892023800742912 229.656493406 -15.280730595 0.8 -2.3 16.040
6307892058158552064 229.663815589 -15.264142226 -14.4 -12.7 16.558
6307892504835072256 229.660719313 -15.250007957 -3.6 -5.8 13.006
6307892436117603840 229.678450449 -15.263466152 -26.0 -9.0 16.309
6307892745353312768 229.628645138 -15.274561830 -1.2 -1.0 15.664
6307893054590973184 229.577066882 -15.248788662 -9.0 -13.5 15.615
6307892985871487488 229.590175154 -15.263865699 -23.7 -7.8 16.472
6307893020231147648 229.608545199 -15.249396537 7.4 -16.4 13.984
6307893569987069568 229.643098583 -15.215999171 -15.2 -6.8 16.552
6307893638706563072 229.635219159 -15.192988025 -8.4 2.1 15.589
6307893913584345856 229.483845722 -15.299878459 0.9 -13.5 13.981
6307894016663627008 229.489736162 -15.287109854 -14.6 -1.2 16.615
6307893947944143232 229.502208660 -15.299699149 -22.9 0.4 16.741
6307893947944148864 229.506730918 -15.290202842 -7.3 -8.8 15.413
6307894154102579840 229.458032577 -15.288268820 -5.3 -16.1 14.654
6307894188462323456 229.461557912 -15.275251941 -10.9 -23.1 15.075
6307894291541543424 229.470195341 -15.267469387 -2.6 -5.9 16.026
6307894291541544448 229.478142563 -15.265510859 -13.6 -11.2 15.885
6307894463340237440 229.525112087 -15.263278807 1.4 -1.6 15.919
6307894566419457152 229.533658584 -15.255568079 27.0 -21.7 17.219
6307894566419459200 229.539947691 -15.251696845 -3.0 -1.1 15.554
6307894566419462656 229.541839447 -15.244848297 -8.5 -3.8 15.475
6307894497699981312 229.544891545 -15.254177271 13.9 -2.9 16.620
6307894497699980160 229.548901338 -15.257127904 -6.3 -11.4 14.530
6307894738218065920 229.503859466 -15.238689253 11.6 -24.2 14.320
6307894635138931200 229.512053950 -15.259661485 -50.1 -11.6 16.890
6307894841297375360 229.515831513 -15.235405286 -5.1 -2.2 15.705
6307894772577899904 229.522697680 -15.234586191 -9.0 -9.1 15.965
6307894772577895168 229.523730353 -15.239683873 8.5 -8.2 15.688
6307894875657130368 229.526448959 -15.212363994 1.2 -22.6 15.898
6307894772577897088 229.528681966 -15.236850439 0.5 -16.7 16.841
6307894806939340288 229.543485056 -15.229518463 -4.1 -24.7 16.407
6307894983030543616 229.431103706 -15.271820375 27.5 -17.5 9.800
6307894944376572544 229.444964502 -15.267091427 -15.9 5.8 16.008
6307895081815533696 229.473381182 -15.254038895 -1.6 -12.9 14.976
6307895528492048256 229.469555562 -15.236801665 -6.9 -12.7 12.966
6307895459772661888 229.480540544 -15.241198988 4.1 7.9 16.406
6307895631571263232 229.517148043 -15.218028203 -1.9 -7.7 13.605
6307895906449297024 229.493192224 -15.189826666 -6.5 -8.2 15.211
6307896043888218112 229.578020572 -15.236089847 -98.5 -105.3 15.426
6307896353125875456 229.538902304 -15.218273733 -9.5 11.9 16.248
6307896353125882624 229.540896552 -15.209037655 -1.1 -3.5 15.663
6307896490564843392 229.559395977 -15.198023058 -9.1 -4.3 16.184
6307896421845368832 229.572488593 -15.194601649 2.2 0.4 15.727
6307896628003804672 229.604460772 -15.187266993 1.3 6.3 16.856
6307896662363549952 229.606916979 -15.179097340 -17.9 -7.2 14.809
6307896628003799936 229.608840246 -15.193710417 -0.4 -0.9 15.387
6307896834162105856 229.589104078 -15.183454739 -0.9 2.0 13.182
6307896868521843968 229.597313627 -15.172256717 -20.5 1.4 12.533
6307897074680273536 229.607796321 -15.146367157 -2.8 -5.8 11.569
6307897109040130560 229.526913661 -15.202330344 -1.8 2.0 16.803
6307897452637536640 229.486110198 -15.172605561 -56.2 -4.3 15.578
6307897452637395968 229.495464363 -15.166861741 -43.8 -37.0 9.393
6307897418277802496 229.510790141 -15.168453458 -3.4 -15.8 15.300
6307897761875200384 229.572605628 -15.150115482 -1.3 -18.6 16.363
6307897761875208960 229.574386124 -15.138599231 -6.6 -18.2 16.614
6307897864954423936 229.576804512 -15.139024976 -9.5 -4.4 15.711
6307897899314168064 229.590048549 -15.131423883 -23.3 -6.0 15.161
6307898071112868352 229.569395227 -15.122957459 9.9 -2.0 16.281
6307898071112862592 229.574691880 -15.129011553 -48.4 31.6 17.010
6307902675317780608 229.648501132 -15.157589035 3.9 -7.1 15.633
6307902675317786880 229.654703384 -15.150691633 -11.9 8.9 16.240
6307902744037268992 229.672915398 -15.143580678 -1.5 -0.6 15.336
6307902984555459968 229.638906762 -15.117009510 -3.3 -15.7 16.710
6307907107723983104 229.394755107 -15.219015173 -9.4 11.5 15.888
6307907382601902848 229.368430286 -15.200719780 -0.1 -0.6 16.183
6307907554400476800 229.435727947 -15.199207663 -2.6 -22.6 13.872
6307908310314860672 229.352181811 -15.171276958 19.3 -12.7 16.295
6307908310314862080 229.359863512 -15.170099625 8.1 -1.7 16.301
6307908275955121024 229.378453556 -15.174484227 10.0 -2.5 15.119
6307908516473297152 229.357662026 -15.163829473 -5.6 1.7 16.239
6307909272387554048 229.472278088 -15.148984780 -42.8 15.9 16.661
6307909444186270720 229.498911174 -15.119819148 -7.6 0.4 14.958
6307909444186262656 229.501281461 -15.128755216 -7.7 -7.8 14.156
6307909409826519936 229.503714842 -15.133325954 -17.4 -5.0 16.004
6307909444186085760 229.504614356 -15.120958639 19.6 -11.0 14.265
6307909753423910912 229.532889511 -15.125509540 -7.9 1.2 15.546
6307910303179724544 229.443013871 -15.124823108 2.7 -9.1 15.938
6307911711928994432 229.292991932 -15.127064927 -15.7 2.8 16.201
6307912536562538752 229.271081061 -15.119171806 -2.5 -3.1 13.207
6307924974787178368 228.853319146 -15.358013634 -7.8 -4.1 15.065
6307924906067686912 228.855753180 -15.365252397 -11.2 -3.8 12.752
6307925009146901760 228.870174296 -15.361039357 -5.2 -5.8 14.128
6307925146585870720 228.908984293 -15.354837223 2.9 -14.7 15.356
6307925180945610368 228.925253136 -15.348326653 -13.2 -10.5 16.372
6307925352744285056 228.923399509 -15.328048457 0.8 -1.2 13.969
6307925284024827776 228.927341173 -15.339992576 -3.9 14.0 15.194
6307925765061164416 228.805289429 -15.344060237 -4.2 -10.2 16.142
6307926349176734464 228.864087783 -15.294624506 -12.1 -24.1 16.265
6307926246097510272 228.872421820 -15.314769398 7.5 -3.8 15.396
6307926280457251840 228.885176485 -15.306324882 12.5 -1.4 15.566
6307926417896173568 228.900974918 -15.294633770 -10.9 -1.3 14.709
6307926624054649472 228.834410980 -15.278455452 -25.6 22.1 16.418
6307926658414387328 228.863681698 -15.279170109 15.7 -5.5 15.765
6307926864572773120 228.945204400 -15.315580395 0.0 11.5 13.999
6307926898932510848 228.949872528 -15.295744188 8.3 -8.3 11.785
6307926898932916992 228.952295924 -15.303073557 -1.3 -5.8 15.684
6307926898932922752 228.959293519 -15.293139292 -2.1 -13.9 16.058
6307926933292249344 228.974236366 -15.298528397 -18.6 -42.6 11.197
6307927036371463680 228.979695774 -15.276915734 -8.3 -7.9 13.338
6307927345609529344 228.995986927 -15.277810800 9.6 4.5 16.472
6307927448688323712 228.999384156 -15.252562813 -6.2 -0.1 14.152
6307927483048493184 229.010674754 -15.258643628 0.4 -6.3 16.151
6307927586127717248 229.029313862 -15.241426920 11.3 6.6 16.893
6307927689206492160 228.959364941 -15.249918206 12.1 -5.4 13.175
6307928238962367232 228.879920243 -15.246897316 -10.7 1.4 14.678
6307928307681782656 228.910886527 -15.244221518 -11.6 -0.9 13.358
6307928410760996864 228.916249303 -15.216269619 7.4 -3.2 12.709
6307928445120736000 228.962947904 -15.237041818 5.2 -5.5 14.939
6307928616919426560 228.986579617 -15.207188720 -15.3 -7.0 13.255
6307928616919883904 228.993953914 -15.214562649 0.1 9.5 15.960
6307928719998718976 228.934559965 -15.214494288 -5.5 3.2 16.080
6307929063596028416 228.768136176 -15.305589348 -12.0 0.4 13.858
6307929269754496000 228.753190038 -15.296546926 -5.7 -19.6 15.930
6307929372833672576 228.754853819 -15.272792316 -10.9 -4.7 13.152
6307929475912940160 228.773351548 -15.265429130 -4.1 -21.0 14.797
6307929544632364672 228.819643778 -15.278021444 -11.2 -13.3 13.897
6307929647711579392 228.823194696 -15.264474016 -31.0 -41.4 13.755
6307929578992152576 228.842953817 -15.269669314 -11.7 -9.3 14.855
6307930472345365632 228.712544753 -15.238395201 7.0 -6.1 15.240
6307930403625883264 228.727967847 -15.252571801 -0.4 -16.3 16.177
6307930609784252544 228.731641574 -15.218245402 -20.8 16.0 11.164
6307930609784329600 228.741909607 -15.217058849 -19.0 -14.8 15.547
6307930644144058880 228.780983100 -15.232341568 -1.5 4.9 16.226
6307930953381713536 228.769924220 -15.215179291 26.7 -11.4 15.564
6307931262619352064 228.862650679 -15.226919432 -0.9 -6.4 14.979
6307931228259543296 228.872713061 -15.231808456 -14.3 1.1 14.991
6307931331338832384 228.879824513 -15.219766650 2.3 -10.3 15.615
6307931331338831744 228.895778710 -15.221184913 -11.9 3.0 16.090
6307931606216745600 228.867400772 -15.204381303 -25.5 4.6 15.233
6307931949814047488 228.925277254 -15.167370744 0.4 -1.1 13.994
6307931881094665472 228.931392180 -15.178182448 -12.8 0.4 15.290
6307931881094571136 228.932588439 -15.188331109 -54.3 -55.1 13.822
6307932018533612800 228.888125478 -15.188518577 -6.9 -23.1 16.184
6307932052893358592 228.894095495 -15.176133295 9.7 10.9 16.335
6307932190332331136 228.924087407 -15.147542720 -0.7 -14.9 15.831
6307932499569956608 228.831342777 -15.179163129 -39.1 -80.9 15.217
6307932602649179008 228.810534106 -15.166789911 -0.7 -13.9 15.346
6307932774447883648 228.817261531 -15.148281763 -11.6 -18.1 15.150
6307932808807621632 228.825059190 -15.148834767 20.2 -17.0 16.410
6307933221124497920 228.838951499 -15.126251024 20.0 -14.0 15.465
6307933496002732544 229.046708642 -15.214161422 -5.5 8.1 16.108
6307933427282799232 229.051737066 -15.236504073 -3.2 2.5 12.567
6307933599081490048 229.050402315 -15.208829293 -8.0 -5.3 11.801
6307933770880644480 229.017205629 -15.203143273 -9.2 -1.3 16.722
6307933908319609600 229.043630102 -15.183523789 -14.8 -12.2 16.086
6307934080118304128 229.108024774 -15.176464847 -9.6 -22.1 16.210
6307934320636477696 229.067663471 -15.166476234 31.1 -4.9 15.856
6307934354995733120 229.082563698 -15.165246424 -3.7 -6.3 13.179
6307935110910466816 229.034773439 -15.151443218 -3.4 -11.6 15.604
6307935317068902656 229.028565473 -15.140121187 7.1 -17.3 16.333
6307935591946798464 229.131181371 -15.166465737 -18.5 7.3 16.110
6307935729385760512 229.148797704 -15.146904703 -0.7 -2.3 14.727
6307935832464482048 229.156547924 -15.127967617 -1.3 1.4 12.865
6307935763745507456 229.161693355 -15.129507940 -35.8 1.2 15.653
6307936691458445696 229.086163090 -15.122330293 2.1 2.3 16.464
6307937997127999360 228.960627108 -15.129139490 11.1 -4.5 12.751
6307937962768759296 228.990299489 -15.136885158 -27.5 -15.8 16.713
6307938100207214592 228.944935559 -15.130239397 -0.3 -3.8 13.745
6307938203286935296 228.958058725 -15.117636978 2.4 -0.6 16.122
6307938237646167552 228.960307340 -15.117703482 -3.4 5.5 13.560
6307938963495783936 228.898635814 -15.117159360 -8.0 -5.8 14.713
6307942189016153984 228.694357542 -15.235391910 -1.9 -3.9 14.177
6307942223375821184 228.697376290 -15.232974426 -6.7 -0.2 11.002
6307942566973286656 228.666829589 -15.203720064 -17.3 -0.5 16.169
6307942566973284608 228.669375254 -15.208570402 -20.3 -16.1 15.492
6307942670052418816 228.681058792 -15.196273408 7.3 -11.5 14.224
6307942841851110272 228.738348113 -15.182539669 -16.1 7.1 11.090
6307942979290172672 228.753843427 -15.159335502 -16.1 -12.3 15.404
6307943907003108096 228.681027105 -15.161086219 -8.2 -4.8 16.581
6307943842578653696 228.683275692 -15.162324752 -0.8 -2.7 15.485
6307944044441952512 228.700859415 -15.141680997 -11.0 -16.1 14.659
6307944044441952384 228.705760839 -15.139532746 -13.7 -48.4 12.048
6307944078801690240 228.715044486 -15.121324528 -15.6 -4.8 13.145
6307944113161547904 228.669978365 -15.147228427 -10.0 -13.4 16.367
6307944147521299968 228.676906065 -15.127293536 -8.5 6.7 16.492
6307944319319995008 228.677394914 -15.120061968 1.6 -17.6 16.019
6307944284960120192 228.704278206 -15.117038756 -0.7 -1.2 14.864
6307944422399074688 228.781921197 -15.153291088 -11.8 -8.3 8.500
6307944765996457088 228.756525174 -15.116359818 3.5 -11.6 13.935
6307944697277108352 228.775366855 -15.132427191 10.9 -17.0 16.183