6259439879256927872 229.177178278 -15.771788582 -6.7 -5.9 16.041
6259440085415360640 229.219846917 -15.759078180 5.9 5.4 16.442
6259440016695492736 229.236407568 -15.771736277 -38.0 -3.6 12.344
6259440257214051200 229.189845941 -15.765469877 -11.3 -5.1 15.771
6259440360293270144 229.193024789 -15.741269620 -11.7 -7.7 14.641
6259814434765298560 229.303750565 -15.771409410 -11.9 -27.3 16.347
6259814847082157824 229.291699196 -15.735808220 -10.2 0.6 13.319
6259814847082162816 229.301946363 -15.731692364 -19.8 -9.5 16.026
6259814812722425216 229.316185882 -15.730038802 3.5 -5.3 15.528
6259815499917186688 229.273175010 -15.727106219 -10.1 -0.9 14.242
6259815706075616768 229.282130934 -15.710362125 12.6 -10.0 14.205
6259815774795102464 229.241779317 -15.713594342 -0.6 -5.6 14.822
6259815774795102208 229.247964889 -15.714760779 -0.8 -3.6 15.671
6259815946593797376 229.242738500 -15.693691259 2.9 -1.2 14.714
6259816084032751616 229.299455611 -15.690635113 -5.7 -3.1 16.186
6259816255831430528 229.324722104 -15.663124983 -0.7 -4.4 12.968
6259816393270403200 229.276529859 -15.666897503 -9.0 6.0 15.401
6259816530709361024 229.314378765 -15.644144440 1.2 -0.3 14.792
6259817939458633472 229.319034783 -15.646353027 -5.9 8.8 16.057
6307476923798796288 229.063550399 -15.775578958 -10.9 -2.7 10.113
6307477026879035136 229.076404024 -15.767821740 11.0 5.7 16.241
6307476958159554048 229.086730421 -15.781785562 -21.0 1.8 16.285
6307476958158534528 229.089070478 -15.774082129 -23.4 -45.5 13.329
6307477061237748992 229.089597472 -15.761867844 -0.2 -2.6 13.581
6307477748433542912 229.039999960 -15.763396784 -6.1 -2.9 14.147
6307477645354321280 229.051210800 -15.781793304 0.0 -8.3 15.252
6307477851512763904 229.060114698 -15.749572611 -28.4 -13.7 15.757
6307477885871468928 229.069219535 -15.743985398 4.6 -3.0 14.373
6307477885872504960 229.070814889 -15.742493860 -0.8 -10.2 16.614
6307478160750424064 229.039270669 -15.719645100 0.5 -30.0 16.447
6307478195110136192 229.125538818 -15.780312573 -4.2 -8.8 16.371
6307478366908835072 229.165577823 -15.760050087 -2.0 -2.9 16.388
6307478538707531392 229.094680272 -15.749445177 -0.2 -17.9 15.470
6307478847945189376 229.167841892 -15.727016028 -20.4 -13.8 14.558
6307478813585445504 229.169488089 -15.735671013 -23.9 -28.6 15.989
6307478882303880832 229.189071378 -15.725902256 -3.8 -21.6 9.672
6307479191542587008 229.183210525 -15.699860280 13.9 -6.6 16.531
6307479363340218240 229.074009300 -15.733519201 -10.9 -6.8 13.518
6307479328981522944 229.094045785 -15.731772800 -2.3 3.8 15.420
6307479642513557120 229.051693071 -15.719611353 9.9 41.6 16.994
6307479706938657664 229.085243041 -15.708144412 -14.2 -1.6 14.691
6307479913097095424 229.122500678 -15.692046484 15.1 -2.9 14.660
6307480084895796992 229.150970536 -15.669281017 -4.1 -12.2 15.694
6307481081328182400 229.028689497 -15.725911440 -5.8 -4.8 16.354
6307481115687928960 229.035879890 -15.711772924 -21.1 -17.5 15.515
6307482593156681856 229.037229626 -15.704453523 -7.2 5.2 16.242
6307482764955388800 229.076790925 -15.669984167 -35.2 4.0 16.442
6307483211631991936 229.075403492 -15.658945156 10.2 4.9 16.414
6307483142912511232 229.082292586 -15.669591078 -43.7 -2.1 14.943
6307483349070956416 229.099438575 -15.631974707 -3.8 2.2 15.265
6307483314711214208 229.123467154 -15.640629674 2.6 0.2 16.089
6307483486509907200 229.056299634 -15.637434527 5.3 -4.7 15.723
6307483692667248384 229.006048862 -15.663417104 -3.9 -5.3 12.849
6307484242423060480 229.038613421 -15.625055292 -7.1 -2.2 13.830
6307484723460503168 229.037132976 -15.579795271 -0.9 -8.1 15.864
6307496577570724224 229.024040254 -15.545530448 6.2 -9.4 15.048
6307496508850766848 229.034514584 -15.561863545 17.3 -26.7 15.166
6307854468603973248 229.239956135 -15.672942099 -12.1 -1.5 15.623
6307854502963709312 229.203643736 -15.685845079 6.8 -0.6 11.375
6307854709122144128 229.203174038 -15.654200485 1.0 -14.2 14.781
6307854777841619968 229.260756291 -15.661454160 -4.4 12.3 16.648
6307854880920830976 229.262224858 -15.639052796 -19.2 3.8 11.349
6307855018359799680 229.281638065 -15.621671440 -1.7 -0.3 15.634
6307854915280569472 229.282072596 -15.639110111 0.7 5.2 11.245
6307854915280569600 229.286537470 -15.642644744 -2.4 -19.2 13.141
6307855052719530112 229.239222155 -15.648602210 -2.5 6.7 14.896
6307855155798752128 229.245186904 -15.624097505 -15.2 -2.3 14.912
6307855155798751232 229.247524363 -15.626988270 1.9 -11.8 15.287
6307855361957174400 229.182386304 -15.650614944 -3.6 -5.6 15.549
6307855705554564992 229.144985040 -15.627174075 -28.0 -9.6 15.393
6307856152231171456 229.195815468 -15.604514721 -20.5 -21.2 16.119
6307856289670130176 229.224907018 -15.590702032 -11.5 -17.6 14.363
6307856530188294784 229.308076218 -15.600875960 8.8 -13.2 15.748
6307856633267508480 229.319596026 -15.605194580 -2.7 0.9 16.295
6307857320462293760 229.321793504 -15.563336971 -6.5 -4.3 15.185
6307857389181777024 229.341248037 -15.549832307 -1.9 9.7 16.436
6307857595340161536 229.248598526 -15.582931179 -4.9 -0.6 14.010
6307857595340201216 229.254041690 -15.575774277 4.3 3.2 12.097
6307857595340161408 229.256540777 -15.577382012 6.4 3.7 8.596
6307857732779154560 229.272440226 -15.561797498 -22.3 -27.1 15.914
6307857801498631552 229.238695811 -15.575322446 -7.9 -13.9 15.140
6307857801498632704 229.241480459 -15.561041367 -6.8 2.5 16.825
6307857938937590656 229.253707991 -15.550358754 -12.4 1.1 16.037
6307858110736557952 229.313748540 -15.537894615 28.4 13.7 16.008
6307858316895003008 229.332070612 -15.513283618 -13.7 -3.9 14.753
6307858591772926080 229.305499382 -15.491736187 -18.2 -13.4 15.855
6307858694851807232 229.121654848 -15.613690373 -3.3 -5.1 15.962
6307858660492051328 229.137071524 -15.620150517 0.9 4.4 11.876
6307858660492068352 229.139269759 -15.620516393 -19.8 -18.7 15.022
6307858763571285888 229.149596346 -15.607049399 7.6 15.1 16.341
6307858832290766848 229.137670384 -15.596238093 29.5 -12.7 15.997
6307858832290766208 229.141826935 -15.597835563 -12.8 -6.5 15.436
6307858901010240000 229.107957038 -15.605547006 -17.1 -2.3 15.698
6307858901010238720 229.108995586 -15.609168718 2.1 -0.9 15.865
6307858969729719296 229.102189215 -15.597786593 -3.5 -20.2 16.840
6307859004089434880 229.116690969 -15.586507517 -6.8 -2.4 9.947
6307859278967380352 229.177631935 -15.562756380 8.2 -33.6 16.438
6307859210247898496 229.180135939 -15.574573113 6.8 -0.1 14.964
6307859553845292672 229.146466045 -15.553314489 -0.4 1.6 15.908
6307859656924783616 229.166512113 -15.537120366 3.0 -8.8 15.570
6307859760003678848 229.098762293 -15.583856921 -9.5 -6.2 12.423
6307860069241364864 229.056119540 -15.559259227 -31.5 -10.7 16.663
6307860206680342784 229.075933224 -15.539803820 0.9 -16.0 11.184
6307860344119546112 229.116142811 -15.544429860 -44.0 -50.7 17.903
6307860584637733760 229.122577054 -15.513745839 -3.3 2.0 16.435
6307860584637728384 229.128477248 -15.522185140 -7.6 -24.3 16.064
6307861065674072064 229.240122236 -15.512940932 -4.1 -9.3 16.200
6307861168753016704 229.177286826 -15.519866753 3.1 -0.4 14.515
6307861100033797376 229.192713753 -15.534220680 -5.4 0.9 16.180
6307861134393546112 229.206323369 -15.516505680 0.5 11.4 16.786
6307861477990661632 229.256806291 -15.494891217 1.4 -13.8 12.239
6307861821588045056 229.284162894 -15.462605505 0.7 -17.0 13.791
6307861546710434816 229.300372752 -15.481249857 6.3 3.4 16.422
6307861684149383040 229.250665204 -15.487522584 -0.7 -2.9 15.328
6307861821588356352 229.280380186 -15.459090614 -0.1 -13.1 15.536
6307861993387014656 229.153926949 -15.501598760 -30.0 -7.2 16.909
6307861993387021952 229.165478341 -15.494268733 -1.9 -3.3 16.272
6307862032041426176 229.173368014 -15.492723293 -15.8 2.3 19.745
6307861924667534720 229.175078395 -15.507727758 -1.5 -14.9 16.056
6307862233905201664 229.173623283 -15.481323423 30.2 9.8 15.896
6307867422225399168 229.307985040 -15.468205711 2.5 -10.0 13.774
6307867559664668672 229.324879721 -15.451015348 -3.5 -8.7 15.990
6307867594024090496 229.340407431 -15.451547844 3.9 -7.2 13.455
6307872026430340864 229.051342631 -15.515734341 -17.3 -32.9 10.751
6307872060790079104 229.059518371 -15.511502116 -11.9 -7.7 12.871
6307872060790350848 229.061511716 -15.514060650 -5.7 11.7 16.183
6307872163869294592 229.004420148 -15.524347221 -41.1 -14.5 11.680
6307872095149817984 229.016342692 -15.532961170 -30.6 4.0 14.686
6307872301308533120 229.032066384 -15.491748442 -3.8 -7.2 15.721
6307872335668276224 229.044337405 -15.486823090 -5.1 1.6 14.602
6307872438747479680 229.071971579 -15.499867540 -14.7 -0.3 16.289
6307872404387739776 229.093114418 -15.501771122 8.1 -16.7 16.103
6307872610546195200 229.100841883 -15.471281990 -18.5 -4.5 15.979
6307872610546190976 229.105985555 -15.477062069 -1.8 1.0 14.829
6307873022863044864 228.999910722 -15.484228234 -13.1 2.8 15.266
6307873125942264064 229.005458019 -15.479673380 -4.2 20.4 16.666
6307873435179613184 228.997009189 -15.453076583 -48.5 -22.7 12.399
6307873744417569792 229.015033207 -15.456711424 3.0 -6.3 16.037
6307874088014947328 229.115296009 -15.467469717 3.0 -8.5 15.096