372-069636 229.006042700 -15.663416200 -9.6 -3.7 13.310
372-069637 229.028711200 -15.725925900 -0.7 -6.3 99.999
372-069638 229.031407100 -15.628442000 0.0 0.0 99.999
372-069640 229.035879200 -15.711775600 -21.2 -24.7 16.621
372-069641 229.037237400 -15.704419800 -0.7 -8.7 99.999
372-069642 229.038612400 -15.625058100 -7.6 -1.8 14.389
372-069643 229.039294800 -15.719659200 -23.8 5.7 99.999
372-069644 229.040000000 -15.763398900 -10.5 -4.5 15.031
372-069646 229.051208300 -15.781802300 -6.0 -4.9 15.420
372-069647 229.051702700 -15.719593400 -8.3 -23.0 99.999
372-069648 229.056304200 -15.637438700 1.1 0.6 99.999
372-069649 229.056342400 -15.618962800 72.1 -201.4 99.999
372-069650 229.060122400 -15.749571700 -29.2 -12.8 99.999
372-069651 229.063551800 -15.775582000 -12.5 -4.5 11.580
372-069652 229.069217400 -15.743989800 -2.8 -4.3 14.854
372-069653 229.070906800 -15.742359200 21.8 23.2 14.854
372-069654 229.074008600 -15.733523900 -14.9 -4.1 14.305
372-069655 229.075412700 -15.658942000 -4.4 -2.0 99.999
372-069656 229.076408900 -15.767808400 -4.6 -5.0 99.999
372-069657 229.076792400 -15.669959800 -47.9 -1.2 99.999
372-069659 229.082290000 -15.669593100 -44.3 3.5 16.188
372-069660 229.085259200 -15.708160300 -17.8 -2.7 15.339
372-069661 229.086734800 -15.781785600 -2.4 -0.5 16.908
372-069662 229.089067400 -15.774082800 -22.5 -39.4 13.907
372-069663 229.089598300 -15.761867300 -1.3 1.7 14.055
372-069664 229.094056800 -15.731781200 -7.7 10.5 16.837
372-069665 229.094680900 -15.749448100 -9.4 -19.1 16.036
372-069666 229.099438900 -15.631977500 2.0 7.2 15.796
372-069668 229.107954800 -15.605550300 -13.5 -4.6 99.999
372-069669 229.108997400 -15.609157800 9.5 -12.6 99.999
372-069670 229.121659800 -15.613684200 -5.8 -5.2 99.999
372-069672 229.122506500 -15.692038700 9.5 -0.2 15.213
372-069673 229.123464800 -15.640636400 -10.3 -5.9 99.999
372-069674 229.125568900 -15.780343100 -13.0 1.8 16.967
372-069676 229.137065600 -15.620153100 -14.3 4.2 12.753
372-069677 229.139270600 -15.620515300 999999.9 999999.9 99.999
372-069679 229.144989200 -15.627175000 -29.9 -36.0 15.991
372-069680 229.149600900 -15.607039500 -3.8 -6.6 99.999
372-069681 229.150969800 -15.669281200 -8.3 -9.6 99.999
372-069683 229.165561500 -15.760048900 0.2 1.0 16.761
372-069684 229.167837400 -15.727017300 -13.2 -27.4 15.297
372-069685 229.169501800 -15.735669800 -19.6 -1.7 99.999
372-069686 229.177183900 -15.771794800 2.1 -9.7 16.573
372-069687 229.182387400 -15.650622500 -12.2 -2.7 16.180
372-069688 229.183213000 -15.699829200 -1.0 -4.6 99.999
372-069689 229.189072700 -15.725907300 -7.3 -21.6 11.028
372-069690 229.189852100 -15.765474200 -15.1 -7.7 16.475
372-069691 229.193023000 -15.741277300 -12.0 -7.1 15.241
372-069692 229.193357400 -15.702198900 0.0 0.0 99.999
372-069693 229.195822400 -15.604520000 -14.3 -29.5 16.602
372-069694 229.203174200 -15.654203900 -1.7 -18.8 15.470
372-069695 229.203643600 -15.685847500 2.5 -0.7 12.158
372-069696 229.219855600 -15.759028900 -8.9 10.6 99.999
372-069697 229.236406200 -15.771739500 -43.8 -3.5 13.577
372-069698 229.239220000 -15.648607500 -1.6 5.6 15.649
372-069699 229.239954200 -15.672946200 -14.0 -5.1 16.195
372-069700 229.241785300 -15.713614200 -3.1 -2.5 15.177
372-069701 229.242737100 -15.693697000 -6.1 -3.4 15.092
372-069702 229.245183300 -15.624102300 -18.3 -2.3 99.999
372-069703 229.247520900 -15.626989500 -1.7 -5.2 99.999
372-069704 229.247961800 -15.714760600 -1.0 -8.0 16.619
372-069706 229.260765600 -15.661469500 -8.7 -6.0 99.999
372-069707 229.262220600 -15.639057000 -27.4 3.0 11.858
372-069708 229.263688000 -15.656676200 0.0 0.0 99.999
372-069709 229.273173600 -15.727112300 -11.1 -3.8 14.827
372-069710 229.276528300 -15.666904200 -16.8 2.7 15.975
372-069711 229.281630300 -15.621673900 -10.7 -2.6 16.250
372-069712 229.282070300 -15.639117800 -3.9 4.6 12.170
372-069713 229.282133000 -15.710365000 4.7 -9.1 14.794
372-069714 229.286534200 -15.642653100 -7.6 -22.2 99.999
372-069715 229.291697400 -15.735813100 -13.1 -1.0 14.307
372-069716 229.299453600 -15.690631200 -4.3 -10.9 16.729
372-069717 229.301946800 -15.731704500 -17.9 -11.2 99.999
372-069718 229.303747100 -15.771468900 -13.7 -1.8 16.954
372-069719 229.308082400 -15.600882500 -6.6 -8.7 16.304
372-069720 229.314377400 -15.644150300 -2.0 0.1 15.540
372-069721 229.316182400 -15.730039800 1.0 -5.1 16.378
372-069722 229.319032700 -15.646342500 -2.9 -3.6 99.999
372-069723 229.319593900 -15.605195900 -8.1 4.0 17.246
372-069724 229.324718900 -15.663130600 -4.8 -4.9 13.722
373-071993 228.997005300 -15.453070600 -53.4 -22.1 13.292
373-071995 228.999911200 -15.484224200 -15.0 -1.1 15.967
373-071997 229.004410900 -15.524347500 -44.9 -13.1 12.179
373-071998 229.005470900 -15.479655300 -6.0 -2.3 99.999
373-071999 229.006250300 -15.545044800 114.2 -28.8 99.999
373-072000 229.010819800 -15.533488700 -11.4 22.6 99.999
373-072002 229.015042400 -15.456707800 -9.6 -16.3 16.575
373-072003 229.016338600 -15.532958400 -35.7 9.7 15.256
373-072004 229.024039200 -15.545527300 3.6 -2.2 15.483
373-072007 229.032065300 -15.491742300 -4.1 -2.6 16.325
373-072008 229.034515600 -15.561854500 12.8 -28.7 16.856
373-072009 229.037129200 -15.579788700 -4.7 -8.1 17.053
373-072011 229.044343600 -15.486822800 -16.2 1.8 15.081
373-072012 229.051348000 -15.515728900 -22.5 -33.5 11.277
373-072013 229.056094800 -15.559271700 -2.1 2.3 99.999
373-072014 229.059514200 -15.511500600 -16.5 -7.1 13.749
373-072015 229.061525000 -15.514065600 7.1 -3.7 99.999
373-072016 229.071965300 -15.499860600 -2.9 -2.4 99.999
373-072017 229.075932100 -15.539805300 -3.2 -15.5 11.678
373-072019 229.093111500 -15.501771700 5.9 -14.8 99.999
373-072020 229.098764800 -15.583859500 -16.5 -4.3 12.922
373-072021 229.100840600 -15.471276400 -11.1 -4.5 99.999
373-072022 229.102197100 -15.597790600 -8.7 10.2 99.999
373-072023 229.105983900 -15.477051200 -2.9 -0.4 15.393
373-072024 229.115300300 -15.467466400 5.9 -4.9 15.756
373-072025 229.116153600 -15.544439500 23.9 7.2 99.999
373-072026 229.116693000 -15.586509200 -9.8 -4.5 10.689
373-072029 229.122595600 -15.513726200 -33.1 -1.0 17.509
373-072031 229.128482400 -15.522180300 -10.3 15.4 99.999
373-072032 229.137755600 -15.596265300 1.3 -2.5 99.999
373-072034 229.141831800 -15.597837000 -16.8 -7.2 99.999
373-072035 229.146475900 -15.553313700 -10.8 -11.5 99.999
373-072036 229.153915300 -15.501608400 7.1 2.1 99.999
373-072040 229.165492400 -15.494268700 -2.6 -3.9 99.999
373-072041 229.166540600 -15.537120900 -4.4 -6.6 16.083
373-072043 229.173648900 -15.481289800 -11.0 -6.2 16.502
373-072044 229.175081500 -15.507727000 -6.5 -9.5 16.599
373-072045 229.177285600 -15.519868700 -2.0 2.6 15.058
373-072046 229.177656800 -15.562743400 -7.0 12.3 17.121
373-072049 229.180132400 -15.574575000 1.7 -0.4 15.527
373-072050 229.192703300 -15.534197800 -7.4 5.9 16.824
373-072053 229.196477400 -15.494612800 0.0 0.0 17.485
373-072054 229.206337700 -15.516505600 -4.2 0.7 99.999
373-072055 229.224902700 -15.590718700 -21.4 -9.6 14.930
373-072056 229.238693600 -15.575325000 0.0 0.0 15.697
373-072057 229.240133000 -15.512946400 0.9 6.7 16.909
373-072058 229.241464800 -15.561013700 -14.0 -2.2 99.999
373-072059 229.248598600 -15.582930300 12.9 20.9 99.999
373-072060 229.250661500 -15.487523400 -0.8 -1.6 15.892
373-072061 229.253702100 -15.550353100 -15.1 7.7 16.767
373-072062 229.254036800 -15.575770600 -1.9 5.9 99.999
373-072063 229.256551500 -15.577376700 3.6 0.2 10.147
373-072064 229.256803900 -15.494891700 -3.3 -13.8 12.727
373-072065 229.272451200 -15.561805900 -5.4 -2.2 16.294
373-072066 229.280376800 -15.459091200 -5.8 -8.7 99.999
373-072067 229.284167400 -15.462604200 -7.0 -19.0 14.698
373-072069 229.300336200 -15.481232800 -4.7 -1.2 99.999
373-072070 229.305507400 -15.491735300 -28.3 -9.1 17.273
373-072071 229.307986200 -15.468205900 5.5 -7.1 14.410
373-072074 229.313788000 -15.537886700 -21.0 -6.8 16.628
373-072075 229.315189800 -15.482482500 0.0 0.0 99.999
373-072077 229.321790300 -15.563341400 -10.0 -2.0 15.864
373-072078 229.324852400 -15.451014200 -16.2 -3.7 17.031
373-072079 229.332069500 -15.513286400 -15.2 -1.5 15.573
373-072081 229.340404500 -15.451550300 4.7 -6.7 14.079
373-072082 229.341266500 -15.549827000 -15.0 -4.8 17.086