370-070514 228.651312700 -16.064962300 -3.8 2.9 16.017 0 0
370-070516 228.668656200 -16.057272300 2.1 -22.6 15.924 0 0
370-070517 228.669383600 -16.007325300 -20.5 5.9 15.798 0 0
370-070518 228.675819800 -16.055255600 -13.7 -5.9 14.720 0 0
370-070519 228.678215300 -16.009225900 -3.8 -6.2 14.346 0 0
370-070522 228.684363900 -16.108990000 -38.6 -24.9 15.639 0 0
370-070524 228.695416800 -16.017456400 -10.5 3.8 16.744 0 0
370-070526 228.704289500 -16.075305600 -21.6 -8.7 14.362 0 0
370-070527 228.704542700 -16.045205900 11.8 -3.3 16.021 0 0
370-070530 228.709273000 -16.004434200 -6.7 0.8 16.507 0 0
370-070538 228.748688600 -16.077324500 -8.5 10.4 15.810 0 0
370-070541 228.761699500 -16.061568900 -6.1 -3.8 16.875 0 0
370-070542 228.778469200 -16.001938100 -26.3 -19.7 13.363 0 0
370-070543 228.778993900 -16.040921700 -22.9 -26.1 13.340 0 0
370-070546 228.782942400 -16.057510000 -1.0 -5.1 16.251 0 0
370-070547 228.783170000 -16.052455900 12.3 -4.1 16.274 0 0
370-070555 228.819938300 -16.073290300 -18.7 5.5 15.014 0 0
370-070556 228.834052700 -16.000565300 -19.3 16.1 15.188 0 0
370-070557 228.839121800 -16.006232000 -9.9 5.1 14.219 0 0
370-070559 228.846808300 -16.008455300 -3.6 -2.0 14.463 0 0
370-070561 228.857657700 -16.078195600 -20.1 -6.3 16.788 0 0
370-070562 228.865206500 -16.109059200 -7.9 -12.2 16.189 0 0
370-070564 228.867391500 -16.078690300 -26.0 -62.6 15.896 0 0
370-070565 228.873648900 -16.035408100 0.0 0.0 11.996 0 0
370-070567 228.874004200 -16.087027000 8.3 -12.8 15.199 0 0
370-070568 228.874529200 -16.037135900 4.0 -4.1 11.996 0 0
370-070569 228.886007700 -16.080490000 -13.6 0.7 16.242 0 0
370-070571 228.892602400 -16.090542000 -23.2 2.6 16.598 0 0
370-070576 228.915966800 -16.102474500 0.6 -24.9 16.081 0 0
370-070577 228.917146200 -16.092325600 -10.3 -3.5 16.063 0 0
370-070583 228.955087700 -16.047572000 -8.8 -2.4 14.573 0 0
370-070592 229.003087700 -16.112332300 -16.3 -4.6 12.300 0 0
370-070596 229.019832700 -16.061049800 -19.3 1.1 13.708 0 0
370-070597 229.019837400 -16.009527800 1.3 -12.4 16.168 0 0
370-070599 229.023468600 -16.100824800 -16.8 -6.4 11.508 0 0
370-070608 229.051718600 -16.109616400 -21.6 -7.4 15.611 0 0
370-070609 229.051739800 -16.098279800 -8.4 3.9 17.390 0 0
370-070613 229.066848600 -16.042831200 -15.6 -10.6 13.230 0 0
370-070614 229.069311800 -16.059548400 -9.2 5.1 16.277 0 0
370-070616 229.077925300 -16.014867000 -18.7 -12.5 15.677 0 0
370-070620 229.084389800 -16.051528900 -4.9 -2.9 16.503 0 0
370-070621 229.087640000 -16.095178400 -23.0 0.7 15.550 0 0
370-070631 229.141242700 -16.013344500 -3.7 -9.5 16.905 0 0
370-070633 229.142693900 -16.097502300 -6.8 -2.7 16.363 0 0
370-070636 229.152903600 -16.007377000 -16.1 -9.1 13.476 0 0
370-070639 229.157324800 -16.093821200 -3.6 -3.4 16.619 0 0
370-070643 229.165008600 -16.064633900 -14.5 4.0 16.968 0 0
370-070645 229.177749200 -16.067888700 -7.5 -1.2 16.736 0 0
370-070646 229.178226200 -16.096675300 -12.8 -0.7 16.860 0 0
370-070647 229.179906500 -16.022315000 -4.4 -40.9 13.967 0 0
370-070649 229.190473300 -16.057473900 -18.5 -4.9 15.381 0 0
370-070652 229.200756500 -16.005937300 -8.1 7.7 16.310 0 0
370-070654 229.209117700 -16.011832500 -19.4 -22.3 14.724 0 0
370-070656 229.216980600 -16.113941400 -6.0 3.1 16.322 0 0
370-070657 229.221127100 -16.106230000 -8.3 0.5 14.041 0 0
370-070658 229.223099200 -16.056704500 -8.3 3.6 13.648 0 0
370-070660 229.227759200 -16.043847500 -2.8 2.9 13.239 0 0
370-070661 229.231847400 -16.103990300 -2.1 0.0 14.785 0 0
370-070663 229.239493000 -16.046154800 -4.7 -11.4 13.953 0 0
370-070665 229.256793000 -16.077038700 -0.1 2.9 14.607 0 0
370-070667 229.260739800 -16.037462300 1.4 0.9 15.688 0 0
370-070669 229.271143300 -16.103477800 -6.8 -9.1 15.824 0 0
370-070670 229.273943000 -16.030073700 4.7 -9.0 16.965 0 0
370-070674 229.301457400 -16.057807800 -1.2 4.7 14.695 0 0
370-070678 229.314947700 -16.010838900 -9.7 10.0 16.358 0 0
370-070679 229.318023000 -16.095753100 -1.3 -5.1 16.643 0 0
370-070680 229.320276800 -16.078443900 -8.8 -0.3 16.374 0 0
370-070681 229.321407700 -16.103770600 -9.3 -1.2 14.363 0 0
370-070686 229.349691200 -16.009955000 -9.3 -6.9 14.958 0 0
370-070687 229.352947400 -16.059505300 1.8 4.2 16.991 0 0
370-070689 229.365002100 -16.014172500 -4.7 -12.0 16.610 0 0
370-070690 229.366521500 -16.057665600 -11.1 -5.8 14.007 0 0
370-070693 229.371597700 -16.029610000 5.0 -10.5 13.508 0 0
370-070697 229.379500900 -16.091978700 1.9 -5.6 16.484 0 0
370-070698 229.383672700 -16.056695900 -6.0 -4.6 15.364 0 0
370-070702 229.391240300 -16.016679200 -0.9 -1.9 15.150 0 0
370-070703 229.391263000 -16.093806700 -4.8 2.2 13.909 0 0
370-070705 229.394001200 -16.113464200 -7.5 3.5 14.675 0 0
370-070707 229.407550000 -16.100539500 -2.4 2.6 16.570 0 0
370-070708 229.408778900 -16.068722000 -6.0 8.4 16.764 0 0
370-070709 229.412907400 -16.046641200 -14.5 -0.8 15.376 0 0
370-070714 229.420508600 -16.015793900 -9.9 -18.8 14.959 0 0
370-070715 229.425603000 -16.048945900 -13.4 -3.4 16.359 0 0
370-070716 229.429661200 -16.015253900 -18.5 -7.9 15.184 0 0
370-070718 229.433032700 -16.076145300 -7.7 0.8 17.583 0 0
370-070719 229.436947400 -16.107958900 -10.8 -22.2 16.544 0 0
370-070720 229.442086200 -16.031609500 -16.3 -10.0 14.489 0 0
370-070723 229.448070300 -16.077576400 -18.8 -6.2 17.072 0 0
370-070724 229.452619200 -16.018365900 2.5 -7.7 16.815 0 0
370-070725 229.461615600 -16.001546700 -3.1 -12.1 15.189 0 0
370-070726 229.465302400 -16.092903400 -2.5 3.7 16.252 0 0
370-070728 229.477347100 -16.065631400 4.8 -11.0 15.603 0 0
370-070731 229.482521200 -16.047478700 -23.4 0.3 12.175 0 0
370-070733 229.489464500 -16.076618700 -17.8 -5.5 15.521 0 0
370-070735 229.492463900 -16.086594200 6.6 -1.2 13.714 0 0
370-070738 229.495561800 -16.038999200 -8.7 2.5 16.380 0 0
370-070742 229.505654500 -16.022599200 -12.6 -0.5 15.873 0 0
370-070744 229.507226200 -16.049918400 5.3 -2.9 15.755 0 0
370-070749 229.522380600 -16.040978400 -2.5 -8.5 14.000 0 0
370-070751 229.525607700 -16.020260300 -2.9 -4.9 16.492 0 0
370-070753 229.553769800 -16.059436700 -29.9 5.9 15.093 0 0
370-070754 229.558151500 -16.098005600 -5.2 -8.6 13.998 0 0
370-070757 229.568018300 -16.019989200 -10.3 -0.8 16.284 0 0
370-070758 229.569185300 -16.074875000 0.5 -8.3 15.641 0 0
370-070762 229.577576200 -16.057763700 -7.0 2.9 15.022 0 0
370-070765 229.590451500 -16.054209800 0.1 -8.4 16.863 0 0
370-070768 229.595039800 -16.007959500 -2.2 -14.0 15.439 0 0
370-070774 229.602931800 -16.051595600 2.3 -5.0 15.369 0 0
370-070775 229.604164800 -16.004713100 -6.6 -1.1 17.032 0 0
370-070776 229.612495000 -16.113185600 -20.2 19.2 15.690 0 0
370-070777 229.612816200 -16.089867300 0.1 -1.4 12.284 0 0
370-070783 229.630569500 -16.038340000 3.9 3.3 14.175 0 0
370-070788 229.639827100 -16.081299800 -15.3 1.4 16.098 0 0
370-070791 229.643732400 -16.044786200 -5.9 -3.4 16.450 0 0
370-070792 229.643948000 -16.021755300 14.4 -24.5 15.355 0 0
370-070795 229.650676200 -16.004697800 -4.7 -11.8 16.923 0 0
370-070797 229.651561500 -16.011879800 -7.8 -1.2 15.704 0 0
370-070803 229.670894800 -16.013900600 -6.7 -7.9 16.472 0 0
370-070806 229.682550900 -16.010689800 -7.1 -17.2 13.833 0 0
370-070808 229.688333600 -16.067248400 -2.2 -3.6 16.603 0 0
371-070254 228.655159800 -15.976260900 -10.7 4.5 15.838 0 0
371-070255 228.660946500 -15.850057300 -12.7 -24.2 14.938 0 0
371-070256 228.664532400 -15.834766400 0.3 4.8 16.833 0 0
371-070257 228.666585300 -15.987706400 -0.2 3.6 16.411 0 0
371-070258 228.668986500 -15.860984200 -28.6 0.0 16.516 0 0
371-070259 228.672029500 -15.926292300 -6.4 2.3 15.988 0 0
371-070260 228.673830300 -15.985502500 2.0 -2.8 12.690 0 0
371-070261 228.676014200 -15.819866400 -25.3 -3.6 15.367 0 0
371-070262 228.678872700 -15.918197300 -8.0 10.4 16.791 0 0
371-070263 228.680118300 -15.850368100 -3.6 2.4 14.468 0 0
371-070264 228.687952100 -15.822805300 -18.6 6.7 16.146 0 0
371-070265 228.689032400 -15.839479200 -16.5 13.8 11.806 0 0
371-070268 228.721330900 -15.845748700 -7.6 -0.4 15.951 0 0
371-070269 228.721933600 -15.831360000 -7.3 2.1 16.520 0 0
371-070270 228.725447700 -15.873435600 -5.4 -6.1 15.276 0 0
371-070273 228.738212400 -15.882785300 -1.6 -4.7 11.465 0 0
371-070274 228.739144200 -15.922220600 -1.6 -5.0 13.926 0 0
371-070275 228.745322400 -15.857983700 -28.2 -9.3 13.395 0 0
371-070276 228.749257100 -15.816428700 5.9 0.6 16.603 0 0
371-070277 228.752751200 -15.988898100 -17.4 20.4 15.516 0 0
371-070278 228.753588000 -15.990966200 11.0 -26.8 15.516 0 0
371-070279 228.754285900 -15.921900300 -7.6 -5.2 13.488 0 0
371-070280 228.754607100 -15.831258100 -12.2 -1.5 16.526 0 0
371-070281 228.761227100 -15.928455000 6.1 -28.0 14.788 0 0
371-070282 228.770990300 -15.904289800 -5.8 -5.2 16.186 0 0
371-070283 228.771768300 -15.938316400 6.5 -14.0 16.498 0 0
371-070285 228.776926200 -15.980547000 -4.3 3.8 16.355 0 0
371-070286 228.783018600 -15.978783700 -8.5 -4.0 15.051 0 0
371-070287 228.791450000 -15.953768900 -6.8 0.2 14.655 0 0
371-070288 228.793717400 -15.885940600 -52.8 -0.1 12.855 0 0
371-070289 228.794170900 -15.893428400 -15.3 -2.2 15.105 0 0
371-070290 228.794937400 -15.867907300 -2.6 3.5 15.328 0 0
371-070291 228.797891800 -15.830152500 3.8 2.7 16.214 0 0
371-070293 228.813381500 -15.896722000 -18.0 -4.3 15.794 0 0
371-070294 228.813429200 -15.948420300 -10.8 0.1 15.691 0 0
371-070295 228.814735900 -15.817571200 -3.7 -4.5 15.923 0 0
371-070296 228.818487400 -15.886607500 1.2 3.4 16.738 0 0
371-070297 228.822371500 -15.823492800 -6.0 -3.8 15.749 0 0
371-070298 228.822808300 -15.918866200 -6.1 3.3 15.433 0 0
371-070299 228.826751200 -15.862493400 3.9 0.8 16.042 0 0
371-070301 228.835689500 -15.858335000 7.3 -13.0 16.239 0 0
371-070303 228.843148000 -15.810358900 -5.5 -11.8 16.284 0 0
371-070304 228.844154800 -15.977824200 -7.3 -1.3 15.608 0 0
371-070305 228.847087400 -15.848324500 -17.0 11.8 15.045 0 0
371-070306 228.856228600 -15.848633400 -9.1 4.0 17.093 0 0
371-070307 228.857677400 -15.876350000 6.8 -23.0 16.158 0 0
371-070308 228.861084200 -15.953909200 -8.3 -3.2 16.840 0 0
371-070310 228.865606200 -15.926822800 9.8 -18.7 13.946 0 0
371-070311 228.866231200 -15.821885000 -0.5 -2.4 15.495 0 0
371-070313 228.877046800 -15.946787500 -1.9 -4.4 14.874 0 0
371-070314 228.896578600 -15.808767500 -12.4 -6.2 14.721 0 0
371-070315 228.903817100 -15.938298100 -24.3 -11.8 14.584 0 0
371-070316 228.904581800 -15.988670300 -9.7 -26.0 14.442 0 0
371-070318 228.920228300 -15.949637000 -10.8 5.4 16.840 0 0
371-070319 228.933590000 -15.863857800 -17.8 -1.7 11.715 0 0
371-070323 228.949457400 -15.958753900 -3.6 -2.2 13.707 0 0
371-070326 228.972928000 -15.982576200 -3.8 -22.9 15.272 0 0
371-070329 228.979935000 -15.941290900 -3.1 -9.7 12.079 0 0
371-070330 228.979967400 -15.974154200 0.4 -11.9 17.157 0 0
371-070332 228.987396800 -15.821302500 -1.3 -4.8 15.933 0 0
371-070333 228.988945000 -15.890206400 -2.7 -5.2 15.943 0 0
371-070334 228.990253600 -15.855784500 -10.7 3.3 15.172 0 0
371-070342 229.003728600 -15.938317000 -24.7 -4.6 14.376 0 0
371-070344 229.006787700 -15.873568700 -18.2 -7.7 15.716 0 0
371-070351 229.034843900 -15.843518100 -5.8 0.4 16.224 0 0
371-070352 229.035383000 -15.826837500 -12.3 2.8 15.160 0 0
371-070353 229.036167400 -15.939390300 -0.6 -10.8 15.856 0 0
371-070355 229.043035300 -15.881842800 -9.5 2.9 15.547 0 0
371-070356 229.044995300 -15.875065600 2.4 -9.8 12.758 0 0
371-070357 229.045790000 -15.888679800 -4.4 -3.8 15.924 0 0
371-070358 229.045836500 -15.860680300 15.6 -11.1 15.626 0 0
371-070359 229.045937700 -15.915333100 -6.8 -1.5 12.377 0 0
371-070360 229.056598900 -15.869308700 -10.1 -4.0 16.714 0 0
371-070361 229.060967700 -15.943339200 -0.8 -15.9 15.167 0 0
371-070363 229.067441200 -15.882920300 -14.0 -5.7 15.520 0 0
371-070364 229.067459200 -15.902249500 -12.5 -0.6 13.731 0 0
371-070366 229.069739500 -15.948017300 -6.3 0.8 15.402 0 0
371-070368 229.087919200 -15.892860600 -11.7 -10.5 13.727 0 0
371-070369 229.094771200 -15.825263100 -6.7 -6.1 16.690 0 0
371-070370 229.094864800 -15.999675600 -14.3 -4.1 16.826 0 0
371-070371 229.095059500 -15.822615900 -6.8 -1.5 16.690 0 0
371-070375 229.103030600 -15.906011400 -26.4 8.6 14.780 0 0
371-070377 229.112088000 -15.882779200 -59.6 6.3 12.448 0 0
371-070379 229.131088900 -15.884194500 7.2 -2.7 13.537 0 0
371-070381 229.137090600 -15.909667300 -3.5 -6.0 16.220 0 0
371-070383 229.150140900 -15.918303400 -3.1 -3.9 14.689 0 0
371-070384 229.155953900 -15.956062300 -2.3 -1.8 16.327 0 0
371-070385 229.157805300 -15.875747500 -11.8 -4.6 14.486 0 0
371-070386 229.158533000 -15.993517000 1.5 -11.9 15.448 0 0
371-070387 229.164737700 -15.862383900 -19.4 0.8 13.830 0 0
371-070388 229.170565000 -15.897200000 -8.4 5.6 16.228 0 0
371-070389 229.174656200 -15.967913700 -2.6 -5.0 16.350 0 0
371-070390 229.175819200 -15.833059800 2.1 -9.9 12.138 0 0
371-070391 229.176724800 -15.872700900 -5.9 -6.3 15.512 0 0
371-070392 229.180752400 -15.833656400 -38.4 -28.2 14.993 0 0
371-070393 229.182875000 -15.889188900 -14.4 -22.4 16.923 0 0
371-070394 229.188255600 -15.944588700 -4.4 -4.6 15.485 0 0
371-070397 229.220347400 -15.818795900 -12.1 -2.1 14.704 0 0
371-070398 229.221559200 -15.978503400 -4.5 -10.2 12.123 0 0
371-070400 229.227079500 -15.910813100 -3.2 -6.3 15.975 0 0
371-070401 229.230320300 -15.976936400 -27.2 -14.4 14.118 0 0
371-070403 229.238683000 -15.953232000 -18.3 -4.5 15.538 0 0
371-070404 229.240979500 -15.938730900 -10.8 -7.9 17.129 0 0
371-070405 229.243646800 -15.973165300 -0.8 -3.7 16.397 0 0
371-070406 229.251160300 -15.867507000 -3.8 7.9 14.049 0 0
371-070409 229.255686500 -15.810155900 1.4 -10.2 13.316 0 0
371-070410 229.262291500 -15.938938400 -9.7 -7.8 15.260 0 0
371-070411 229.262324800 -15.802397000 -76.1 -24.0 13.980 0 0
371-070412 229.264802100 -15.833546400 5.0 -0.7 11.653 0 0
371-070413 229.272162100 -15.875090600 -11.9 -4.5 15.173 0 0
371-070414 229.276501200 -15.959012300 -14.8 2.0 16.512 0 0
371-070415 229.281295000 -15.919309200 -5.0 -2.6 13.681 0 0
371-070416 229.282082100 -15.862940000 -4.2 4.6 15.415 0 0
371-070417 229.283607400 -15.946070600 2.8 -8.9 15.793 0 0
371-070418 229.292224200 -15.884564800 -6.4 -9.5 15.748 0 0
371-070419 229.294190300 -15.907214800 -12.2 -9.8 15.384 0 0
371-070420 229.300870600 -15.801658700 5.1 -14.4 16.751 0 0
371-070422 229.303709800 -15.968919200 -20.2 23.9 16.179 0 0
371-070423 229.307881200 -15.892278400 -8.6 -8.1 16.719 0 0
371-070425 229.315589500 -15.933117300 -8.9 -9.0 15.991 0 0
371-070426 229.316301200 -15.834021700 -8.7 -3.6 15.134 0 0
371-070427 229.318616200 -15.876572500 -6.6 -7.3 16.867 0 0
371-070428 229.319842400 -15.850647500 -7.5 -11.1 15.945 0 0
371-070429 229.323808600 -15.992299500 -13.7 0.7 16.727 0 0
371-070432 229.335279800 -15.893371200 13.1 33.8 15.315 0 0
371-070433 229.339998900 -15.875624800 -7.1 -4.7 12.766 0 0
371-070434 229.346431500 -15.982673400 -14.8 3.2 13.188 0 0
371-070435 229.350771800 -15.872019500 -26.5 -5.2 16.008 0 0
371-070436 229.351592400 -15.837670600 -3.7 -14.6 16.439 0 0
371-070437 229.351617700 -15.882938100 -16.8 4.8 16.354 0 0
371-070438 229.365005900 -15.829062500 -15.7 1.8 13.615 0 0
371-070439 229.370045300 -15.963925300 8.5 -34.5 11.687 0 0
371-070440 229.371818600 -15.825208100 -6.4 -1.9 14.396 0 0
371-070441 229.379149200 -15.828653700 -2.4 -7.7 15.232 0 0
371-070443 229.389337400 -15.917052300 -37.2 -1.1 13.068 0 0
371-070444 229.389913000 -15.982228900 -6.8 -6.1 16.679 0 0
371-070445 229.392117700 -15.843595900 -4.8 -8.0 16.828 0 0
371-070446 229.394439500 -15.866975000 -11.3 -14.3 15.306 0 0
371-070447 229.396645600 -15.808557300 -12.6 -14.5 16.943 0 0
371-070448 229.397925900 -15.837587000 -12.1 -1.1 16.371 0 0
371-070449 229.400509800 -15.918923900 -7.8 -7.9 15.693 0 0
371-070450 229.408127400 -15.825573700 1.8 0.5 15.440 0 0
371-070451 229.411570600 -15.936288400 8.4 -34.9 12.845 0 0
371-070452 229.411842100 -15.884488900 -7.7 -3.7 12.885 0 0
371-070454 229.412424200 -15.925963100 -2.8 2.3 13.839 0 0
371-070456 229.419836500 -15.997836200 -4.4 -3.4 14.624 0 0
371-070457 229.420553600 -15.857513100 -3.4 -16.2 16.931 0 0
371-070458 229.422587700 -15.954264800 -30.8 -14.8 15.098 0 0
371-070459 229.427795900 -15.865260600 -2.9 -16.2 15.283 0 0
371-070460 229.431171200 -15.808848700 -10.7 -11.4 14.169 0 0
371-070461 229.431178600 -15.922185300 -3.3 -3.9 16.307 0 0
371-070462 229.432788600 -15.841479800 -9.6 -3.1 16.552 0 0
371-070463 229.440827400 -15.863753900 -7.7 -6.3 16.889 0 0
371-070464 229.441262400 -15.971322800 -25.1 -1.2 15.110 0 0
371-070465 229.443447400 -15.805780900 -3.1 -21.9 12.241 0 0
371-070466 229.450651500 -15.919000000 -4.2 -19.1 17.215 0 0
371-070467 229.469393300 -15.948641700 -43.6 -9.9 15.977 0 0
371-070469 229.473088600 -15.804369500 -11.6 -6.0 16.852 0 0
371-070470 229.473968900 -15.980520000 -52.9 55.7 15.217 0 0
371-070473 229.475575300 -15.830208700 -14.8 -6.7 15.269 0 0
371-070474 229.477492700 -15.832638700 -17.1 -10.7 15.269 0 0
371-070478 229.494435900 -15.810286700 -5.2 -2.3 16.646 0 0
371-070479 229.501562700 -15.828996400 -2.7 -8.1 15.051 0 0
371-070480 229.513167700 -15.870510600 -6.8 -0.4 16.936 0 0
371-070482 229.518570300 -15.948918700 -10.2 0.3 14.433 0 0
371-070483 229.519292400 -15.821287000 -9.8 -5.2 16.590 0 0
371-070484 229.519575600 -15.937063900 -2.3 5.5 16.711 0 0
371-070487 229.529548600 -15.920801200 -7.3 -6.4 17.068 0 0
371-070489 229.532895900 -15.836473900 -9.2 3.1 14.783 0 0
371-070491 229.534191800 -15.804913900 -1.4 -4.2 16.711 0 0
371-070492 229.548366800 -15.942130300 2.7 0.4 16.221 0 0
371-070493 229.559342700 -15.888015600 -15.5 -7.3 15.618 0 0
371-070494 229.560204200 -15.929539800 -2.9 -0.7 16.420 0 0
371-070495 229.565657400 -15.815969500 -16.6 -9.8 15.073 0 0
371-070496 229.566405900 -15.907117300 -3.3 -0.8 16.943 0 0
371-070497 229.567532700 -15.954323700 -13.6 -7.9 15.795 0 0
371-070498 229.581575000 -15.873796700 -2.5 -23.9 13.210 0 0
371-070499 229.590408000 -15.986758700 -3.9 -5.7 14.906 0 0
371-070500 229.593886200 -15.979402300 -20.2 -9.0 15.638 0 0
371-070501 229.596372400 -15.974321700 -4.1 2.6 15.489 0 0
371-070502 229.600171800 -15.942090000 -11.9 -6.4 16.885 0 0
371-070503 229.606123000 -15.990570300 -12.7 -15.5 15.619 0 0
371-070505 229.610040900 -15.915212800 -5.3 0.9 16.570 0 0
371-070506 229.611533300 -15.969236200 -40.6 -13.0 13.759 0 0
371-070507 229.613865600 -15.880126200 -14.0 -9.8 15.232 0 0
371-070508 229.613994500 -15.849091400 -28.5 -15.0 15.689 0 0
371-070511 229.620389200 -15.915982500 -3.6 3.3 16.613 0 0
371-070512 229.621243600 -15.978300300 -7.3 -6.4 12.542 0 0
371-070513 229.625287400 -15.812233100 -10.5 -5.2 16.459 0 0
371-070514 229.628765900 -15.852237800 -6.4 -7.1 15.614 0 0
371-070515 229.630100300 -15.876941400 -2.2 -0.4 15.785 0 0
371-070519 229.640113000 -15.833660300 -5.1 -6.8 14.444 0 0
371-070521 229.642359500 -15.887482800 2.5 2.1 17.022 0 0
371-070522 229.643800600 -15.950404800 -0.8 -1.1 15.824 0 0
371-070523 229.644551800 -15.943986200 -2.2 -8.7 16.529 0 0
371-070524 229.649435600 -15.958835300 -5.7 -18.2 16.870 0 0
371-070525 229.654945900 -15.830889800 -11.0 -0.7 15.744 0 0
371-070526 229.659275300 -15.989515900 -7.3 9.0 17.154 0 0
371-070527 229.660224800 -15.805743100 -3.5 4.5 16.856 0 0
371-070528 229.665775600 -15.817466700 -23.0 -20.2 16.121 0 0
371-070529 229.667591800 -15.883877800 -15.1 -5.8 17.026 0 0
371-070533 229.678994500 -15.907749200 -13.0 0.8 16.794 0 0
371-070534 229.681780000 -15.965117000 -11.3 -12.5 16.369 0 0
371-070535 229.685061800 -15.817511400 -10.4 -8.9 16.594 0 0
372-069541 228.650964500 -15.770599200 8.0 -7.0 14.351 0 0
372-069546 228.666062400 -15.628234200 -25.7 -11.7 14.228 0 0
372-069548 228.669052400 -15.771088100 -9.8 -2.1 16.519 0 0
372-069549 228.673812100 -15.761169200 -7.1 -1.4 16.558 0 0
372-069550 228.676895900 -15.740588400 -23.6 -11.1 12.808 0 0
372-069551 228.679180300 -15.697955600 -6.1 -9.0 16.319 0 0
372-069553 228.685663300 -15.671232800 -0.5 -4.7 16.398 0 0
372-069554 228.688534800 -15.648302000 8.3 0.0 16.431 0 0
372-069557 228.702160600 -15.682738700 -6.3 -7.0 16.541 0 0
372-069558 228.717287400 -15.773877500 -3.6 -2.4 16.067 0 0
372-069559 228.717757100 -15.693977000 -7.5 -10.6 15.666 0 0
372-069562 228.739932100 -15.646950900 9.0 -11.2 16.676 0 0
372-069564 228.747521200 -15.613342300 -23.5 -2.8 14.433 0 0
372-069565 228.763780600 -15.671180000 -13.9 -7.8 15.194 0 0
372-069567 228.767076200 -15.620072300 -7.8 -3.7 15.854 0 0
372-069569 228.772500600 -15.743942800 -7.6 5.3 15.915 0 0
372-069571 228.781466800 -15.716279200 -15.0 -0.8 15.355 0 0
372-069572 228.782163600 -15.732572800 1.5 -28.8 15.477 0 0
372-069573 228.788806800 -15.603568100 -5.2 -13.8 15.369 0 0
372-069575 228.802537100 -15.694370600 -11.5 -7.6 16.191 0 0
372-069576 228.803636200 -15.726235900 -4.4 2.8 15.891 0 0
372-069577 228.808653000 -15.784909200 -3.4 0.1 15.973 0 0
372-069578 228.813418300 -15.714104500 -8.0 40.9 15.655 0 0
372-069580 228.817612400 -15.677517800 -19.0 -3.4 15.846 0 0
372-069583 228.820107400 -15.640115600 -14.9 -8.0 14.434 0 0
372-069584 228.829765600 -15.644008700 -35.4 -26.6 14.013 0 0
372-069585 228.830374200 -15.698318700 -4.9 4.5 14.805 0 0
372-069587 228.838448300 -15.710164800 1.4 -9.7 16.886 0 0
372-069588 228.843000600 -15.701811700 -6.9 -13.4 16.962 0 0
372-069589 228.846614500 -15.630442300 -12.8 -1.4 11.985 0 0
372-069590 228.849547700 -15.646190600 -16.6 -13.1 16.780 0 0
372-069591 228.852449500 -15.731798400 -5.4 -5.1 16.631 0 0
372-069592 228.856399200 -15.605963400 -10.1 -1.9 16.323 0 0
372-069593 228.858100900 -15.718814200 -0.8 -0.2 16.463 0 0
372-069595 228.860778000 -15.699871200 21.3 -19.9 14.446 0 0
372-069596 228.860879500 -15.658929800 -3.3 0.2 16.501 0 0
372-069597 228.861576200 -15.738694800 0.4 -19.6 14.612 0 0
372-069598 228.864300600 -15.716441400 -12.5 0.5 15.623 0 0
372-069599 228.865424500 -15.649088700 -24.5 -23.8 15.710 0 0
372-069601 228.871322700 -15.689645900 2.3 2.6 16.908 0 0
372-069603 228.882373900 -15.770637000 -11.5 -6.1 13.679 0 0
372-069604 228.887901800 -15.694135300 -11.9 -7.2 14.049 0 0
372-069605 228.889076500 -15.691623700 -14.6 -3.9 14.167 0 0
372-069607 228.892645300 -15.765935000 5.6 -6.5 16.547 0 0
372-069609 228.902380600 -15.671126400 -8.4 0.5 16.350 0 0
372-069610 228.906642400 -15.716193400 1.9 -10.5 15.764 0 0
372-069611 228.910800300 -15.605588100 2.6 4.5 14.633 0 0
372-069612 228.913214500 -15.685210600 -2.6 -5.7 16.788 0 0
372-069613 228.915784500 -15.641370000 -5.3 -35.1 16.491 0 0
372-069614 228.916247700 -15.667544500 26.4 -25.8 15.445 0 0
372-069615 228.924035300 -15.773077000 -14.2 11.1 15.788 0 0
372-069616 228.925358900 -15.710944200 -1.3 -6.9 15.634 0 0
372-069617 228.926715300 -15.666388100 -8.8 3.0 16.604 0 0
372-069618 228.937829500 -15.702190000 -6.0 4.6 16.763 0 0
372-069621 228.941706500 -15.729352500 -6.7 3.1 15.330 0 0
372-069622 228.943713300 -15.602906200 -9.8 9.4 16.534 0 0
372-069623 228.961379800 -15.739168400 -7.4 9.2 16.747 0 0
372-069626 228.969528600 -15.673048100 2.7 -18.0 10.993 0 0
372-069628 228.971687400 -15.733304800 -17.2 10.0 16.378 0 0
372-069629 228.973774800 -15.682702000 -11.8 -2.0 15.681 0 0
372-069631 228.974487400 -15.718660900 -14.6 7.2 16.597 0 0
372-069632 228.978922100 -15.636557800 -12.2 -7.0 16.510 0 0
372-069635 228.990514800 -15.609956700 -12.1 -0.4 13.970 0 0
372-069636 229.006042700 -15.663416200 -9.6 -3.7 13.310 0 0
372-069639 229.032356500 -15.791875000 -14.9 -2.1 17.659 0 0
372-069640 229.035879200 -15.711775600 -21.2 -24.7 16.621 0 0
372-069642 229.038612400 -15.625058100 -7.6 -1.8 14.389 0 0
372-069644 229.040000000 -15.763398900 -10.5 -4.5 15.031 0 0
372-069645 229.047879200 -15.789629800 -10.9 -6.5 16.742 0 0
372-069646 229.051208300 -15.781802300 -6.0 -4.9 15.420 0 0
372-069651 229.063551800 -15.775582000 -12.5 -4.5 11.580 0 0
372-069652 229.069217400 -15.743989800 -2.8 -4.3 14.854 0 0
372-069653 229.070906800 -15.742359200 21.8 23.2 14.854 0 0
372-069654 229.074008600 -15.733523900 -14.9 -4.1 14.305 0 0
372-069658 229.076972100 -15.783794800 -29.7 -3.7 14.928 0 0
372-069659 229.082290000 -15.669593100 -44.3 3.5 16.188 0 0
372-069660 229.085259200 -15.708160300 -17.8 -2.7 15.339 0 0
372-069661 229.086734800 -15.781785600 -2.4 -0.5 16.908 0 0
372-069662 229.089067400 -15.774082800 -22.5 -39.4 13.907 0 0
372-069663 229.089598300 -15.761867300 -1.3 1.7 14.055 0 0
372-069664 229.094056800 -15.731781200 -7.7 10.5 16.837 0 0
372-069665 229.094680900 -15.749448100 -9.4 -19.1 16.036 0 0
372-069666 229.099438900 -15.631977500 2.0 7.2 15.796 0 0
372-069667 229.104018000 -15.797354800 0.5 6.4 15.395 0 0
372-069671 229.122405300 -15.791826700 -14.2 -17.0 17.352 0 0
372-069672 229.122506500 -15.692038700 9.5 -0.2 15.213 0 0
372-069674 229.125568900 -15.780343100 -13.0 1.8 16.967 0 0
372-069676 229.137065600 -15.620153100 -14.3 4.2 12.753 0 0
372-069678 229.139807700 -15.789510900 -15.2 10.6 16.249 0 0
372-069679 229.144989200 -15.627175000 -29.9 -36.0 15.991 0 0
372-069682 229.159700600 -15.795223900 -50.3 -45.0 14.181 0 0
372-069683 229.165561500 -15.760048900 0.2 1.0 16.761 0 0
372-069684 229.167837400 -15.727017300 -13.2 -27.4 15.297 0 0
372-069686 229.177183900 -15.771794800 2.1 -9.7 16.573 0 0
372-069687 229.182387400 -15.650622500 -12.2 -2.7 16.180 0 0
372-069689 229.189072700 -15.725907300 -7.3 -21.6 11.028 0 0
372-069690 229.189852100 -15.765474200 -15.1 -7.7 16.475 0 0
372-069691 229.193023000 -15.741277300 -12.0 -7.1 15.241 0 0
372-069693 229.195822400 -15.604520000 -14.3 -29.5 16.602 0 0
372-069694 229.203174200 -15.654203900 -1.7 -18.8 15.470 0 0
372-069695 229.203643600 -15.685847500 2.5 -0.7 12.158 0 0
372-069697 229.236406200 -15.771739500 -43.8 -3.5 13.577 0 0
372-069698 229.239220000 -15.648607500 -1.6 5.6 15.649 0 0
372-069699 229.239954200 -15.672946200 -14.0 -5.1 16.195 0 0
372-069700 229.241785300 -15.713614200 -3.1 -2.5 15.177 0 0
372-069701 229.242737100 -15.693697000 -6.1 -3.4 15.092 0 0
372-069704 229.247961800 -15.714760600 -1.0 -8.0 16.619 0 0
372-069705 229.250750900 -15.790208700 -6.4 -6.7 16.564 0 0
372-069707 229.262220600 -15.639057000 -27.4 3.0 11.858 0 0
372-069709 229.273173600 -15.727112300 -11.1 -3.8 14.827 0 0
372-069710 229.276528300 -15.666904200 -16.8 2.7 15.975 0 0
372-069711 229.281630300 -15.621673900 -10.7 -2.6 16.250 0 0
372-069712 229.282070300 -15.639117800 -3.9 4.6 12.170 0 0
372-069713 229.282133000 -15.710365000 4.7 -9.1 14.794 0 0
372-069715 229.291697400 -15.735813100 -13.1 -1.0 14.307 0 0
372-069716 229.299453600 -15.690631200 -4.3 -10.9 16.729 0 0
372-069718 229.303747100 -15.771468900 -13.7 -1.8 16.954 0 0
372-069719 229.308082400 -15.600882500 -6.6 -8.7 16.304 0 0
372-069720 229.314377400 -15.644150300 -2.0 0.1 15.540 0 0
372-069721 229.316182400 -15.730039800 1.0 -5.1 16.378 0 0
372-069723 229.319593900 -15.605195900 -8.1 4.0 17.246 0 0
372-069724 229.324718900 -15.663130600 -4.8 -4.9 13.722 0 0
372-069725 229.344536500 -15.657663700 -12.9 -9.7 17.823 0 0
372-069727 229.347252100 -15.754137000 -4.2 3.5 14.072 0 0
372-069728 229.348584200 -15.709168900 -15.6 -4.3 16.195 0 0
372-069729 229.352523300 -15.773222800 3.8 -3.8 14.609 0 0
372-069730 229.359278000 -15.626004800 -32.6 -16.7 14.131 0 0
372-069732 229.363522400 -15.773340300 1.4 -6.7 16.756 0 0
372-069733 229.367263300 -15.612347000 -40.6 -12.9 12.245 0 0
372-069734 229.369504200 -15.728052800 5.9 2.9 16.803 0 0
372-069736 229.377278900 -15.726569800 -5.8 1.1 17.190 0 0
372-069737 229.379733900 -15.796467500 -1.6 5.5 17.394 0 0
372-069738 229.391125300 -15.618538100 -12.5 -10.7 16.047 0 0
372-069739 229.397108600 -15.751088400 -6.1 -6.6 16.303 0 0
372-069740 229.398683600 -15.623001200 -27.1 -13.0 15.707 0 0
372-069741 229.401029200 -15.657630000 -10.3 -1.3 14.877 0 0
372-069742 229.401248600 -15.634702800 -15.2 -6.0 16.143 0 0
372-069743 229.411518000 -15.757105000 -12.5 -0.2 17.327 0 0
372-069744 229.412375900 -15.653342300 -16.6 -4.0 16.277 0 0
372-069745 229.423587400 -15.659245900 5.8 12.2 15.436 0 0
372-069746 229.444924800 -15.796363700 0.9 -5.4 13.677 0 0
372-069748 229.451892400 -15.759314500 -8.2 -3.8 15.809 0 0
372-069751 229.459015900 -15.799102500 -21.4 0.4 16.543 0 0
372-069752 229.460960000 -15.665884500 -3.4 5.2 14.205 0 0
372-069754 229.468706200 -15.644550900 18.8 1.2 15.998 0 0
372-069755 229.469732700 -15.676931700 -13.9 -11.6 16.495 0 0
372-069756 229.470508000 -15.756730300 -5.9 -7.4 15.836 0 0
372-069757 229.474258900 -15.752789500 -10.3 -2.2 13.882 0 0
372-069758 229.475144800 -15.657323900 -15.5 1.3 16.171 0 0
372-069759 229.476893300 -15.744083700 -6.0 -5.0 12.677 0 0
372-069760 229.492432400 -15.614503700 -5.4 -9.3 16.828 0 0
372-069761 229.492702700 -15.664455600 12.5 -9.9 17.268 0 0
372-069762 229.501740300 -15.707966200 -53.9 0.2 16.762 0 0
372-069763 229.501847700 -15.625181200 -3.2 -1.6 16.144 0 0
372-069764 229.507892100 -15.645265900 -11.5 -8.3 15.919 0 0
372-069766 229.523929200 -15.780948400 -6.9 -13.2 16.978 0 0
372-069769 229.544233000 -15.770542500 -19.7 -1.5 14.989 0 0
372-069770 229.546902400 -15.691787300 -4.8 -18.0 14.150 0 0
372-069771 229.548182400 -15.624472000 -22.2 -15.8 15.815 0 0
372-069772 229.549417400 -15.757521400 -4.8 -19.4 15.360 0 0
372-069775 229.558570300 -15.658998700 -34.9 -12.1 15.694 0 0
372-069776 229.564170000 -15.756160600 -10.3 1.4 16.645 0 0
372-069777 229.566788600 -15.626866200 -13.4 -8.3 15.927 0 0
372-069780 229.575151500 -15.610783400 -3.1 -30.7 16.326 0 0
372-069781 229.575814200 -15.769270000 -25.6 -9.6 16.049 0 0
372-069782 229.583804200 -15.771262000 13.4 -17.4 12.589 0 0
372-069783 229.585441200 -15.699915900 -9.4 -7.7 12.607 0 0
372-069784 229.586048300 -15.639049200 1.7 9.6 17.048 0 0
372-069786 229.589678300 -15.790486400 -11.1 1.0 15.789 0 0
372-069788 229.613283600 -15.622315300 -83.9 -35.1 10.720 0 0
372-069790 229.622039800 -15.654833900 -6.3 -34.9 14.295 0 0
372-069791 229.622612400 -15.779274500 -9.3 -4.9 15.208 0 0
372-069792 229.624705900 -15.780932000 -9.0 -11.6 15.208 0 0
372-069793 229.635502700 -15.706451200 -9.0 -11.6 16.541 0 0
372-069796 229.650912400 -15.763213400 -19.2 -10.7 14.723 0 0
372-069797 229.651057400 -15.725646400 -10.5 0.0 15.937 0 0
372-069798 229.662503900 -15.665206700 -2.7 -8.8 16.894 0 0
372-069800 229.665214800 -15.766412500 -7.3 -7.2 13.113 0 0
372-069801 229.665814200 -15.645313100 3.1 -9.7 16.389 0 0
372-069802 229.667579500 -15.751718100 -8.6 -1.7 15.214 0 0
372-069803 229.674689800 -15.741106200 -16.4 -45.9 16.626 0 0
372-069805 229.679732400 -15.778004500 -304.9 -191.0 15.583 0 0
372-069808 229.684595900 -15.739419800 -19.1 -6.5 16.806 0 0
373-071902 228.658250300 -15.411658900 -10.0 10.4 14.074 0 0
373-071903 228.668473900 -15.531806400 -3.7 6.1 14.874 0 0
373-071904 228.685630600 -15.487546400 17.8 -22.5 11.861 0 0
373-071905 228.693272400 -15.450798400 -0.7 -24.9 15.042 0 0
373-071907 228.698033300 -15.412620900 -12.4 -1.2 13.226 0 0
373-071909 228.705880900 -15.453558900 -13.7 -5.5 14.859 0 0
373-071910 228.711580600 -15.550722000 -23.5 -2.3 15.236 0 0
373-071911 228.714368900 -15.587412500 -36.7 -2.0 16.259 0 0
373-071912 228.720927100 -15.402153900 -7.7 4.1 16.534 0 0
373-071913 228.729525900 -15.490471700 -11.5 -3.6 12.843 0 0
373-071914 228.734380000 -15.443575000 1.1 -1.3 17.306 0 0
373-071916 228.746389500 -15.463757000 -4.7 3.0 14.534 0 0
373-071917 228.747380000 -15.449093700 -2.5 5.4 16.441 0 0
373-071919 228.755700300 -15.555163900 -12.7 2.6 13.739 0 0
373-071920 228.757192700 -15.511283900 -17.7 -9.6 15.802 0 0
373-071922 228.758202400 -15.580184200 -7.3 -4.4 16.334 0 0
373-071923 228.762821500 -15.518515300 -13.3 -2.5 16.118 0 0
373-071926 228.771197400 -15.410714200 -2.7 1.9 16.966 0 0
373-071929 228.782697400 -15.580168400 -5.4 8.0 13.262 0 0
373-071930 228.794877100 -15.491290600 -12.6 -9.3 16.979 0 0
373-071931 228.797971200 -15.581493900 -20.4 -4.7 11.258 0 0
373-071932 228.798177400 -15.588160300 6.0 -25.5 13.882 0 0
373-071933 228.798728900 -15.512988900 -9.5 4.6 15.791 0 0
373-071934 228.803740300 -15.520463400 -9.2 -2.7 14.039 0 0
373-071937 228.808752700 -15.496180900 -9.9 2.9 16.470 0 0
373-071938 228.811840900 -15.419230300 -3.4 -3.6 14.958 0 0
373-071940 228.826682700 -15.592022500 -8.9 3.0 14.229 0 0
373-071941 228.826807400 -15.432917000 -1.1 0.9 15.595 0 0
373-071942 228.830090000 -15.525117000 -5.7 -2.9 16.358 0 0
373-071944 228.844677400 -15.596125900 -16.8 -1.7 16.507 0 0
373-071945 228.849210300 -15.524250900 -6.1 -3.5 16.268 0 0
373-071947 228.862442400 -15.555935000 -15.4 2.8 17.040 0 0
373-071949 228.868525300 -15.411889500 -1.9 5.8 15.389 0 0
373-071952 228.870251200 -15.505052300 -20.5 -7.6 13.340 0 0
373-071955 228.882061200 -15.471434200 3.4 -17.5 12.871 0 0
373-071956 228.883113900 -15.425096400 -1.5 18.1 15.766 0 0
373-071957 228.884594500 -15.545328100 -5.0 -5.4 15.900 0 0
373-071959 228.895562100 -15.552624200 -3.2 19.4 16.680 0 0
373-071960 228.898628900 -15.499603100 -29.4 -4.6 16.718 0 0
373-071961 228.902830000 -15.476931700 -16.1 -2.4 15.961 0 0
373-071963 228.911185600 -15.497773100 -9.1 1.2 16.149 0 0
373-071964 228.918640900 -15.565963900 -3.3 21.5 16.347 0 0
373-071965 228.925177100 -15.591305600 -3.9 -4.6 16.394 0 0
373-071966 228.925615000 -15.453170000 -9.5 -1.4 16.686 0 0
373-071967 228.925817700 -15.406255900 -1.9 -2.7 17.024 0 0
373-071969 228.938494200 -15.451149200 17.0 -2.9 16.095 0 0
373-071970 228.941252400 -15.540653900 -14.7 -1.6 16.452 0 0
373-071971 228.944661200 -15.551403400 -12.1 -10.8 14.502 0 0
373-071974 228.948221200 -15.428480600 -7.8 0.7 16.339 0 0
373-071975 228.950036500 -15.400543900 -20.5 -4.9 14.681 0 0
373-071976 228.957315900 -15.456243700 -16.9 7.9 12.819 0 0
373-071978 228.959725300 -15.436928400 -12.5 -6.3 16.322 0 0
373-071980 228.962611200 -15.590144500 -11.1 -10.2 12.488 0 0
373-071982 228.970431200 -15.449609200 -5.4 -5.2 14.976 0 0
373-071984 228.971766500 -15.420930300 -13.5 -12.7 14.162 0 0
373-071988 228.980610600 -15.445142300 -6.3 5.6 15.052 0 0
373-071991 228.986983600 -15.484075000 -15.4 2.9 15.687 0 0
373-071992 228.987922700 -15.554977300 -16.7 -13.7 14.697 0 0
373-071993 228.997005300 -15.453070600 -53.4 -22.1 13.292 0 0
373-071994 228.997511500 -15.404781200 -8.9 0.1 15.417 0 0
373-071995 228.999911200 -15.484224200 -15.0 -1.1 15.967 0 0
373-071997 229.004410900 -15.524347500 -44.9 -13.1 12.179 0 0
373-072002 229.015042400 -15.456707800 -9.6 -16.3 16.575 0 0
373-072003 229.016338600 -15.532958400 -35.7 9.7 15.256 0 0
373-072004 229.024039200 -15.545527300 3.6 -2.2 15.483 0 0
373-072005 229.025613000 -15.412548100 -8.1 0.7 15.422 0 0
373-072006 229.026006200 -15.439463100 -12.8 -4.8 14.354 0 0
373-072007 229.032065300 -15.491742300 -4.1 -2.6 16.325 0 0
373-072008 229.034515600 -15.561854500 12.8 -28.7 16.856 0 0
373-072009 229.037129200 -15.579788700 -4.7 -8.1 17.053 0 0
373-072011 229.044343600 -15.486822800 -16.2 1.8 15.081 0 0
373-072012 229.051348000 -15.515728900 -22.5 -33.5 11.277 0 0
373-072014 229.059514200 -15.511500600 -16.5 -7.1 13.749 0 0
373-072017 229.075932100 -15.539805300 -3.2 -15.5 11.678 0 0
373-072018 229.092380900 -15.439656200 -11.4 -2.4 16.223 0 0
373-072020 229.098764800 -15.583859500 -16.5 -4.3 12.922 0 0
373-072023 229.105983900 -15.477051200 -2.9 -0.4 15.393 0 0
373-072024 229.115300300 -15.467466400 5.9 -4.9 15.756 0 0
373-072026 229.116693000 -15.586509200 -9.8 -4.5 10.689 0 0
373-072029 229.122595600 -15.513726200 -33.1 -1.0 17.509 0 0
373-072033 229.138311200 -15.413695600 -6.0 -6.9 15.843 0 0
373-072037 229.162064200 -15.440174800 -5.2 -3.6 16.121 0 0
373-072039 229.164828900 -15.442562800 -11.3 -5.6 16.121 0 0
373-072041 229.166540600 -15.537120900 -4.4 -6.6 16.083 0 0
373-072042 229.173272400 -15.439725600 -9.7 -1.0 15.513 0 0
373-072043 229.173648900 -15.481289800 -11.0 -6.2 16.502 0 0
373-072044 229.175081500 -15.507727000 -6.5 -9.5 16.599 0 0
373-072045 229.177285600 -15.519868700 -2.0 2.6 15.058 0 0
373-072046 229.177656800 -15.562743400 -7.0 12.3 17.121 0 0
373-072049 229.180132400 -15.574575000 1.7 -0.4 15.527 0 0
373-072050 229.192703300 -15.534197800 -7.4 5.9 16.824 0 0
373-072051 229.193416800 -15.422915000 -7.5 -2.3 16.982 0 0
373-072053 229.196477400 -15.494612800 0.0 0.0 17.485 0 0
373-072055 229.224902700 -15.590718700 -21.4 -9.6 14.930 0 0
373-072056 229.238693600 -15.575325000 0.0 0.0 15.697 0 0
373-072057 229.240133000 -15.512946400 0.9 6.7 16.909 0 0
373-072060 229.250661500 -15.487523400 -0.8 -1.6 15.892 0 0
373-072061 229.253702100 -15.550353100 -15.1 7.7 16.767 0 0
373-072063 229.256551500 -15.577376700 3.6 0.2 10.147 0 0
373-072064 229.256803900 -15.494891700 -3.3 -13.8 12.727 0 0
373-072065 229.272451200 -15.561805900 -5.4 -2.2 16.294 0 0
373-072067 229.284167400 -15.462604200 -7.0 -19.0 14.698 0 0
373-072068 229.294619800 -15.441207800 -6.5 -4.8 16.357 0 0
373-072070 229.305507400 -15.491735300 -28.3 -9.1 17.273 0 0
373-072071 229.307986200 -15.468205900 5.5 -7.1 14.410 0 0
373-072072 229.309966200 -15.422772300 -1.0 4.8 15.758 0 0
373-072074 229.313788000 -15.537886700 -21.0 -6.8 16.628 0 0
373-072076 229.315884800 -15.417002300 15.0 -9.1 17.010 0 0
373-072077 229.321790300 -15.563341400 -10.0 -2.0 15.864 0 0
373-072078 229.324852400 -15.451014200 -16.2 -3.7 17.031 0 0
373-072079 229.332069500 -15.513286400 -15.2 -1.5 15.573 0 0
373-072080 229.339652100 -15.410193100 7.0 4.0 16.665 0 0
373-072081 229.340404500 -15.451550300 4.7 -6.7 14.079 0 0
373-072082 229.341266500 -15.549827000 -15.0 -4.8 17.086 0 0
373-072083 229.347181200 -15.499938400 -17.3 -1.1 16.660 0 0
373-072084 229.352418300 -15.430102800 -4.4 -0.6 14.818 0 0
373-072086 229.354405600 -15.549933400 3.2 -11.5 15.198 0 0
373-072088 229.362955000 -15.425931400 -3.5 -6.1 14.455 0 0
373-072089 229.364142400 -15.463260600 -5.6 0.2 16.483 0 0
373-072090 229.368435600 -15.546503700 8.9 -7.9 16.808 0 0
373-072091 229.370461200 -15.514630900 -11.2 10.8 17.081 0 0
373-072092 229.397118600 -15.431560600 -5.9 -8.4 16.524 0 0
373-072093 229.398757700 -15.450093100 -16.4 -4.1 13.240 0 0
373-072094 229.398942700 -15.413385900 -4.3 -12.6 17.485 0 0
373-072095 229.407530300 -15.569219800 -11.5 -4.8 15.729 0 0
373-072096 229.410246800 -15.597891700 -13.5 7.0 11.770 0 0
373-072097 229.417173300 -15.502595600 -9.6 13.7 15.442 0 0
373-072099 229.420413000 -15.421333700 -2.8 2.8 16.071 0 0
373-072100 229.421092400 -15.518968400 -17.3 -3.7 16.065 0 0
373-072101 229.424603300 -15.411938100 -12.1 -8.2 15.141 0 0
373-072102 229.427478600 -15.559023100 -5.8 -22.3 16.542 0 0
373-072103 229.432897700 -15.577139800 -17.7 15.2 14.559 0 0
373-072104 229.441215900 -15.479135900 -2.0 -12.4 16.467 0 0
373-072105 229.443126500 -15.414813700 6.0 -1.3 14.970 0 0
373-072106 229.444178300 -15.424905600 -11.4 8.9 16.116 0 0
373-072107 229.450040900 -15.549402500 7.6 -5.9 14.661 0 0
373-072108 229.450440300 -15.429202300 -35.2 -2.1 13.576 0 0
373-072109 229.450865000 -15.481263100 11.4 -12.8 17.220 0 0
373-072110 229.453977400 -15.488468100 -11.1 -19.8 14.712 0 0
373-072111 229.459532700 -15.524947000 -15.2 -0.4 16.990 0 0
373-072112 229.460870900 -15.460722300 -12.6 3.6 14.797 0 0
373-072113 229.466053000 -15.403828400 -5.2 -5.9 13.499 0 0
373-072114 229.469675600 -15.591822800 -3.5 -5.5 15.324 0 0
373-072115 229.472889500 -15.437214800 -0.6 1.6 16.017 0 0
373-072116 229.474042700 -15.509862300 -25.9 -2.4 16.474 0 0
373-072117 229.475132400 -15.488194500 -23.8 -3.6 14.793 0 0
373-072118 229.476337400 -15.568002300 -24.9 7.7 16.071 0 0
373-072119 229.477948600 -15.581855300 -21.5 -2.2 15.664 0 0
373-072120 229.483966200 -15.579236200 -16.3 -6.4 14.863 0 0
373-072122 229.492930000 -15.596765000 -9.3 -3.8 16.623 0 0
373-072123 229.501731200 -15.597837800 -2.9 -18.0 16.497 0 0
373-072126 229.520392400 -15.494651700 -15.5 -4.1 16.686 0 0
373-072129 229.523392700 -15.445665000 -26.1 2.5 14.651 0 0
373-072130 229.524027400 -15.529084200 -9.0 -3.9 16.553 0 0
373-072131 229.528385000 -15.468719200 -18.7 -0.7 17.286 0 0
373-072132 229.529456800 -15.584642500 -4.4 -10.3 15.364 0 0
373-072133 229.530703300 -15.575440000 11.4 3.9 15.785 0 0
373-072134 229.531216800 -15.493189500 -16.6 6.2 15.229 0 0
373-072135 229.535179800 -15.547653100 -8.2 -6.0 16.587 0 0
373-072136 229.541442400 -15.411668900 -3.0 -4.7 14.049 0 0
373-072137 229.544602100 -15.587764800 -2.3 -0.8 16.188 0 0
373-072138 229.548402100 -15.530194800 -9.2 -62.6 12.069 0 0
373-072139 229.555958300 -15.502942500 -0.5 5.8 13.966 0 0
373-072140 229.557380300 -15.541807800 -0.5 -5.0 13.449 0 0
373-072141 229.563480900 -15.433726400 -8.1 7.1 15.372 0 0
373-072142 229.564749200 -15.440497800 -9.2 -13.4 15.788 0 0
373-072144 229.571522100 -15.435658700 -4.3 -5.9 16.545 0 0
373-072145 229.580581200 -15.505028100 -0.7 -7.0 16.147 0 0
373-072146 229.582679200 -15.490918700 -16.8 -45.5 16.702 0 0
373-072147 229.589793300 -15.482239800 -29.4 -12.0 15.001 0 0
373-072148 229.591060600 -15.484157000 -11.7 -15.9 15.001 0 0
373-072149 229.593883600 -15.595813900 -2.6 -4.0 17.273 0 0
373-072151 229.598910600 -15.437798900 -18.9 -7.1 14.913 0 0
373-072152 229.603217400 -15.512453100 -5.2 6.9 16.119 0 0
373-072154 229.611115600 -15.558907300 2.1 3.5 16.883 0 0
373-072155 229.619184500 -15.402950000 -19.5 0.6 16.566 0 0
373-072156 229.629595900 -15.532920600 -5.1 -0.4 15.546 0 0
373-072157 229.635950300 -15.591145300 -4.5 -1.7 15.607 0 0
373-072158 229.644790000 -15.499341400 -15.6 -9.9 14.682 0 0
373-072159 229.648020900 -15.561195900 -1.7 -0.4 16.005 0 0
373-072160 229.648199200 -15.595267000 -12.3 -6.6 16.402 0 0
373-072161 229.652869500 -15.428425000 -8.1 -6.3 16.765 0 0
373-072164 229.670961200 -15.547849200 -0.8 -4.2 13.903 0 0
373-072165 229.671155600 -15.435485900 -7.2 -14.3 16.067 0 0
373-072167 229.673046800 -15.470431400 -5.1 -7.9 17.346 0 0
374-070231 228.655029200 -15.326639800 -20.8 2.7 12.552 0 0
374-070233 228.663649800 -15.388330900 -34.3 -8.5 12.777 0 0
374-070234 228.666843900 -15.203712800 -4.5 -7.9 16.443 0 0
374-070235 228.669382400 -15.208563100 -19.3 -15.4 16.227 0 0
374-070236 228.670452100 -15.318275600 -4.8 3.9 16.612 0 0
374-070241 228.686330900 -15.293267000 7.3 -21.8 15.609 0 0
374-070242 228.688427400 -15.339067000 -14.8 14.2 16.640 0 0
374-070245 228.694571500 -15.356345900 -7.3 3.6 15.345 0 0
374-070246 228.697374800 -15.232968400 -6.6 3.5 12.144 0 0
374-070247 228.697865900 -15.364905600 -3.5 -2.5 15.405 0 0
374-070248 228.700312400 -15.288376200 -6.0 0.1 16.266 0 0
374-070249 228.710203300 -15.304593900 -10.3 -12.2 16.031 0 0
374-070250 228.712545900 -15.238387000 3.8 -9.7 15.692 0 0
374-070252 228.731637400 -15.218238700 -21.9 15.9 11.698 0 0
374-070255 228.741924200 -15.217064200 -21.3 -9.0 16.412 0 0
374-070256 228.745592700 -15.356947300 -15.2 -5.1 14.363 0 0
374-070257 228.745616800 -15.349279800 3.4 -17.7 12.025 0 0
374-070259 228.754852100 -15.272786200 -13.1 -3.5 13.605 0 0
374-070260 228.757393900 -15.332827000 -10.1 2.5 12.665 0 0
374-070261 228.768137400 -15.305586700 -14.2 2.5 14.459 0 0
374-070263 228.773348900 -15.265428400 -11.3 -17.1 15.609 0 0
374-070265 228.785561500 -15.367466400 -13.4 -7.0 16.297 0 0
374-070268 228.805300000 -15.344050300 -6.6 -6.2 16.657 0 0
374-070269 228.814965300 -15.378570600 -25.6 -28.2 14.087 0 0
374-070270 228.819636200 -15.278015300 -17.6 -12.1 14.498 0 0
374-070271 228.823191500 -15.264472800 -33.3 -41.4 14.325 0 0
374-070273 228.842950600 -15.269665000 -14.8 -6.1 15.747 0 0
374-070274 228.853315300 -15.358005600 -12.1 -3.8 15.676 0 0
374-070275 228.855747400 -15.365252300 -15.0 0.4 13.644 0 0
374-070276 228.862645900 -15.226913900 -7.8 -1.4 15.774 0 0
374-070277 228.863690300 -15.279161400 -6.1 -9.4 16.290 0 0
374-070280 228.870175600 -15.361038900 -12.7 -3.8 15.096 0 0
374-070281 228.872419200 -15.314758100 1.1 -5.0 15.925 0 0
374-070282 228.872717400 -15.231803900 -15.0 3.9 15.540 0 0
374-070283 228.879826500 -15.219752300 -2.5 -13.2 16.251 0 0
374-070284 228.879911500 -15.246891200 -21.2 5.4 16.079 0 0
374-070287 228.900970300 -15.294630900 -15.7 6.0 15.249 0 0
374-070288 228.908983000 -15.354832800 -3.6 -7.7 15.916 0 0
374-070289 228.910877400 -15.244218100 -18.7 0.0 13.900 0 0
374-070290 228.916247100 -15.216263900 2.0 -0.1 13.797 0 0
374-070291 228.923396200 -15.328045900 -7.1 1.5 14.766 0 0
374-070292 228.925226200 -15.348314200 -9.6 -5.9 17.041 0 0
374-070293 228.927341200 -15.339985600 -9.0 10.8 15.820 0 0
374-070294 228.934558000 -15.214480000 -1.4 -5.3 16.878 0 0
374-070295 228.940834500 -15.355939800 -4.5 4.8 14.906 0 0
374-070296 228.945198600 -15.315580300 -6.3 17.5 14.540 0 0
374-070297 228.949866200 -15.295738700 2.7 -4.2 13.082 0 0
374-070298 228.952299200 -15.303058100 -7.1 -11.3 16.273 0 0
374-070299 228.959298600 -15.293148700 -10.2 -3.9 16.734 0 0
374-070300 228.959359200 -15.249915900 5.1 -3.2 13.704 0 0
374-070301 228.962940900 -15.237038700 -4.0 -1.8 15.557 0 0
374-070302 228.974235000 -15.298519800 -20.1 -41.8 11.926 0 0
374-070303 228.979695300 -15.276906700 -11.7 -3.1 14.329 0 0
374-070304 228.984304800 -15.392662800 -17.3 -6.2 15.308 0 0
374-070305 228.985382400 -15.340574500 15.3 -6.7 15.608 0 0
374-070306 228.986571800 -15.207183400 -21.1 -7.6 13.990 0 0
374-070307 228.990184800 -15.312037500 -2.4 -13.7 12.758 0 0
374-070308 228.991849500 -15.300260900 -6.1 -20.0 15.581 0 0
374-070309 228.993959200 -15.214552500 -11.0 7.0 16.489 0 0
374-070310 228.995997700 -15.277795900 -1.5 -10.5 17.145 0 0
374-070311 228.996179200 -15.369351200 -11.6 7.3 16.297 0 0
374-070312 228.999380300 -15.252555000 -9.8 1.8 14.801 0 0
374-070314 229.010693000 -15.258644500 -10.7 -2.3 16.255 0 0
374-070317 229.018472400 -15.303871700 -19.2 0.4 14.362 0 0
374-070318 229.018878600 -15.325108700 -5.7 4.9 16.718 0 0
374-070322 229.033474800 -15.278115300 0.2 2.6 14.594 0 0
374-070324 229.050403600 -15.208823400 -10.9 -4.6 12.794 0 0
374-070325 229.050535000 -15.338723400 -5.5 3.1 14.870 0 0
374-070326 229.051735300 -15.236494200 -6.4 2.6 13.730 0 0
374-070327 229.053193300 -15.325822500 3.5 -5.0 16.765 0 0
374-070328 229.061389200 -15.337396200 -5.6 8.0 14.863 0 0
374-070330 229.067473900 -15.348729200 3.0 0.5 15.608 0 0
374-070331 229.072329200 -15.378020600 -4.9 -3.8 15.900 0 0
374-070332 229.075985300 -15.338743100 -13.5 8.1 15.992 0 0
374-070333 229.080939200 -15.258184800 -9.2 -13.2 17.115 0 0
374-070334 229.088465000 -15.227132300 -0.6 -10.1 15.339 0 0
374-070337 229.096910300 -15.328447500 -2.9 -5.2 15.485 0 0
374-070340 229.115686500 -15.237823100 -6.7 -3.4 16.714 0 0
374-070341 229.116325600 -15.317142000 -22.5 3.6 15.062 0 0
374-070342 229.130978300 -15.308125900 -9.6 -6.7 15.204 0 0
374-070343 229.137512400 -15.330988700 -13.8 -9.2 15.461 0 0
374-070345 229.145992100 -15.209201700 -16.3 -25.8 12.664 0 0
374-070347 229.152438000 -15.234730900 -31.2 4.6 14.212 0 0
374-070348 229.153617100 -15.371554500 -14.7 3.9 16.452 0 0
374-070349 229.158499500 -15.286244800 -61.1 -8.1 14.873 0 0
374-070350 229.158768900 -15.227423100 -9.7 5.3 15.453 0 0
374-070351 229.172662400 -15.319576700 -6.3 -14.9 15.205 0 0
374-070352 229.173137700 -15.363318100 -13.5 -2.9 14.914 0 0
374-070353 229.177623300 -15.267998400 2.5 -4.5 16.942 0 0
374-070354 229.186855300 -15.213703900 -18.1 -31.4 15.447 0 0
374-070355 229.192818600 -15.317617500 -4.2 2.4 16.351 0 0
374-070359 229.204847100 -15.254889200 -12.4 4.9 16.844 0 0
374-070360 229.217141500 -15.241802000 -14.4 -19.7 16.088 0 0
374-070361 229.227140600 -15.235022000 -14.4 -16.4 15.738 0 0
374-070363 229.258537100 -15.371053700 -1.1 -5.3 15.996 0 0
374-070364 229.273622400 -15.268217000 -4.2 2.8 16.129 0 0
374-070367 229.284865600 -15.210644800 -14.3 3.9 16.905 0 0
374-070369 229.299356500 -15.398963400 -10.0 0.3 16.864 0 0
374-070370 229.300945900 -15.231281200 11.3 -0.1 16.326 0 0
374-070371 229.308921800 -15.305190300 -1.5 -5.4 15.178 0 0
374-070372 229.309835900 -15.322543400 -8.5 -21.1 16.675 0 0
374-070374 229.314377400 -15.236974800 -16.1 -3.3 16.986 0 0
374-070375 229.316581200 -15.295441700 -6.4 -5.6 15.718 0 0
374-070376 229.317477100 -15.211144500 3.6 0.8 15.583 0 0
374-070377 229.318441800 -15.205466200 -8.0 -13.3 15.590 0 0
374-070379 229.325922400 -15.392827800 -10.5 -2.6 16.529 0 0
374-070382 229.343227100 -15.236328700 -9.3 8.0 15.487 0 0
374-070383 229.353598300 -15.257805000 -17.8 -2.0 16.189 0 0
374-070385 229.357657400 -15.265150000 -9.2 -7.9 16.132 0 0
374-070388 229.370448600 -15.251873900 -11.0 -26.1 14.335 0 0
374-070389 229.377104800 -15.379648400 -2.6 2.9 16.490 0 0
374-070390 229.387796500 -15.355166700 4.1 -16.7 13.892 0 0
374-070391 229.387895900 -15.309558700 -3.1 -18.3 17.034 0 0
374-070393 229.392450600 -15.284246200 -7.1 1.1 16.053 0 0
374-070395 229.397183300 -15.385499800 -8.3 -5.1 16.219 0 0
374-070396 229.431105900 -15.271827000 21.1 -5.0 10.670 0 0
374-070397 229.435506800 -15.392274200 -1.5 -5.5 15.917 0 0
374-070398 229.440904800 -15.216042300 -10.2 8.7 16.379 0 0
374-070399 229.444946800 -15.267076400 -12.3 6.3 16.770 0 0
374-070400 229.451548600 -15.307909200 -22.2 10.3 15.135 0 0
374-070402 229.458031800 -15.288271200 -6.3 -18.1 15.503 0 0
374-070403 229.461553000 -15.275254200 -10.8 -22.0 15.949 0 0
374-070405 229.464755600 -15.373670600 3.4 -23.1 15.377 0 0
374-070406 229.469552400 -15.236798900 -10.0 -9.3 13.499 0 0
374-070407 229.470203600 -15.267476700 -10.9 -0.4 16.724 0 0
374-070408 229.473377100 -15.254039800 -7.4 -11.3 15.682 0 0
374-070409 229.478148300 -15.265499800 -8.1 -19.8 17.115 0 0
374-070410 229.480531800 -15.241178100 0.9 -4.0 17.105 0 0
374-070412 229.483842100 -15.299862800 -7.4 -23.8 14.874 0 0
374-070413 229.488745600 -15.340136200 -3.6 -0.3 16.509 0 0
374-070415 229.491996800 -15.348743900 -27.9 -11.4 13.545 0 0
374-070416 229.497818900 -15.358731200 -10.3 -8.0 16.342 0 0
374-070418 229.503852400 -15.238692300 7.0 -25.2 14.794 0 0
374-070419 229.506720600 -15.290204800 -9.5 -9.2 16.139 0 0
374-070421 229.515824800 -15.235406700 -3.0 -9.1 16.322 0 0
374-070422 229.515923900 -15.337508100 15.0 -14.2 15.616 0 0
374-070423 229.517141800 -15.218026400 -8.1 -6.2 14.725 0 0
374-070426 229.525107400 -15.263275300 -4.0 -1.1 16.378 0 0
374-070427 229.526428900 -15.212360300 -0.4 -25.5 16.834 0 0
374-070430 229.530900900 -15.287415900 -12.8 -9.8 17.034 0 0
374-070431 229.533048000 -15.378023700 -62.0 31.7 15.371 0 0
374-070432 229.533250000 -15.333258400 -11.5 -1.5 15.782 0 0
374-070437 229.539943600 -15.251699800 -7.6 -7.8 16.242 0 0
374-070439 229.540897400 -15.209041400 -14.0 -5.1 16.398 0 0
374-070441 229.541833000 -15.244850900 -11.1 4.4 16.137 0 0
374-070444 229.548898900 -15.257115000 -9.1 -5.1 15.473 0 0
374-070446 229.555203300 -15.378583400 -10.6 -11.1 15.937 0 0
374-070447 229.559759800 -15.355802800 -41.3 -36.7 17.976 0 0
374-070448 229.560992100 -15.298585000 -9.1 -8.4 16.269 0 0
374-070449 229.567278900 -15.306403400 -8.9 -9.6 16.809 0 0
374-070451 229.576005300 -15.343338900 13.0 -4.7 12.430 0 0
374-070452 229.577056800 -15.248793700 -8.8 -11.5 16.418 0 0
374-070454 229.578012400 -15.236094200 -105.3 -106.0 16.560 0 0
374-070459 229.594805600 -15.356110900 -16.4 -2.8 13.562 0 0
374-070461 229.603906800 -15.367357000 -8.8 -2.5 15.505 0 0
374-070462 229.608476200 -15.347275900 2.6 -10.1 16.299 0 0
374-070463 229.608540600 -15.249401200 4.2 -16.7 14.614 0 0
374-070464 229.616785300 -15.321341700 6.1 -0.9 16.597 0 0
374-070465 229.618929500 -15.295352000 -43.1 -40.2 14.911 0 0
374-070466 229.623819800 -15.393357800 3.5 -10.2 13.353 0 0
374-070468 229.626095900 -15.287763100 -6.4 2.1 14.360 0 0
374-070469 229.628375600 -15.388009500 -14.0 -18.7 15.253 0 0
374-070470 229.628639800 -15.274567000 1.0 -1.5 16.451 0 0
374-070472 229.641262400 -15.323508400 -9.2 -3.2 16.586 0 0
374-070477 229.660713000 -15.250013400 -7.5 -7.3 13.675 0 0
374-070479 229.669463000 -15.342473100 -28.4 4.0 14.377 0 0
374-070480 229.672078300 -15.377397300 -2.2 -2.7 16.843 0 0
374-070481 229.677442100 -15.371510300 -4.0 -4.4 16.416 0 0
374-070482 229.678438000 -15.263454500 -16.3 -4.7 17.104 0 0
374-070483 229.681888300 -15.367134800 -14.2 -17.4 16.463 0 0
374-070484 229.684654500 -15.361275900 -9.9 -15.8 16.805 0 0
375-071292 228.681054500 -15.196270600 3.5 -9.5 14.879 0 0
375-071294 228.683285900 -15.162324800 0.1 0.0 15.893 0 0
375-071299 228.704274500 -15.117035600 -0.6 5.0 15.502 0 0
375-071300 228.705757400 -15.139525600 -15.6 -47.3 12.662 0 0
375-071303 228.715041800 -15.121319800 -17.6 -2.2 14.153 0 0
375-071304 228.738352400 -15.182537000 -18.1 7.4 11.529 0 0
375-071306 228.753847100 -15.159329500 -31.0 -7.3 16.435 0 0
375-071307 228.756522400 -15.116354800 1.8 -9.4 14.543 0 0
375-071315 228.810535300 -15.166783700 -1.0 -8.0 15.941 0 0
375-071316 228.817260000 -15.148276400 -17.0 -11.2 16.073 0 0
375-071318 228.831337400 -15.179157500 -41.5 -80.9 16.068 0 0
375-071327 228.888134200 -15.188525600 0.3 -3.6 16.854 0 0
375-071329 228.898639800 -15.117153100 -13.6 -4.6 15.287 0 0
375-071334 228.925274200 -15.167357300 -4.9 -3.2 14.921 0 0
375-071335 228.931397400 -15.178178400 -16.6 1.5 16.118 0 0
375-071337 228.932582100 -15.188331700 -56.0 -50.1 15.222 0 0
375-071342 228.944929500 -15.130237300 -3.4 -3.1 14.695 0 0
375-071345 228.960313300 -15.117703700 2.6 6.2 14.061 0 0
375-071346 228.960626800 -15.129133900 6.4 -1.8 13.527 0 0
375-071364 229.028605000 -15.140110900 -3.2 2.9 16.946 0 0
375-071370 229.043626200 -15.183518100 -2.6 -14.4 16.628 0 0
375-071378 229.082562700 -15.165240000 -6.3 -4.1 14.093 0 0
375-071386 229.111978900 -15.190437300 -12.8 0.7 15.988 0 0
375-071394 229.142543600 -15.185777300 -6.7 -1.5 13.874 0 0
375-071395 229.148799500 -15.146891200 -5.4 -0.3 16.093 0 0
375-071397 229.150133600 -15.165807500 -6.6 -4.8 16.044 0 0
375-071400 229.154363000 -15.188523100 -10.5 1.1 16.305 0 0
375-071402 229.156548300 -15.127959500 -6.9 3.5 13.360 0 0
375-071406 229.172621200 -15.163862500 -7.1 0.3 14.424 0 0
375-071407 229.172767700 -15.135600000 -3.5 -0.7 17.426 0 0
375-071412 229.205775300 -15.127577000 -5.4 -8.8 14.242 0 0
375-071417 229.227795000 -15.139914500 -3.8 -2.3 16.598 0 0
375-071423 229.245762400 -15.175465600 -22.1 6.7 14.883 0 0
375-071425 229.258013000 -15.160654200 -6.2 -20.8 16.722 0 0
375-071427 229.271080000 -15.119165300 -5.7 -2.0 14.218 0 0
375-071428 229.272329500 -15.190392800 22.3 4.7 15.963 0 0
375-071429 229.273204200 -15.172715600 -10.1 -1.7 14.786 0 0
375-071433 229.280992100 -15.165575900 -24.5 -25.2 14.631 0 0
375-071446 229.352188000 -15.171263100 -3.0 -11.7 16.978 0 0
375-071451 229.378453300 -15.174479800 -0.1 -1.1 15.746 0 0
375-071459 229.435736500 -15.199202800 -11.7 -13.9 15.160 0 0
375-071462 229.443027700 -15.124807300 -15.0 4.0 16.828 0 0
375-071472 229.493200600 -15.189833100 -19.6 1.1 16.139 0 0
375-071474 229.498907100 -15.119819500 -9.1 6.6 15.843 0 0
375-071476 229.501273900 -15.128753400 -11.9 -6.3 15.079 0 0
375-071478 229.504618900 -15.120960900 8.8 -10.8 14.861 0 0
375-071480 229.510778000 -15.168454500 -6.1 -19.0 15.899 0 0
375-071483 229.532889200 -15.125512500 0.2 -3.3 16.144 0 0
375-071491 229.559383600 -15.198018400 -7.4 -3.5 16.815 0 0
375-071494 229.569400000 -15.122911200 3.6 9.6 17.411 0 0
375-071496 229.572475900 -15.194600000 -0.7 1.8 16.346 0 0
375-071500 229.576798600 -15.139020900 -10.6 -4.4 16.297 0 0
375-071502 229.589100900 -15.183455600 -3.2 2.8 14.294 0 0
375-071503 229.590042400 -15.131425000 -28.2 -6.2 16.207 0 0
375-071505 229.597307100 -15.172260000 -24.3 0.2 13.040 0 0
375-071508 229.604436800 -15.187237300 -19.4 -7.6 17.630 0 0
375-071509 229.606911800 -15.179098700 -19.7 -4.7 15.446 0 0
375-071510 229.607792400 -15.146368400 -5.3 -5.4 12.648 0 0
375-071511 229.608830900 -15.193712500 -6.3 1.5 16.051 0 0
375-071515 229.635213300 -15.192990600 -14.2 -2.2 16.367 0 0
375-071517 229.648495000 -15.157590000 -6.7 1.3 16.254 0 0
375-071520 229.654707100 -15.150690000 -0.7 2.9 16.844 0 0
375-071526 229.672905000 -15.143585900 -11.3 -0.1 15.948 0 0